50
28152205 6442046 18279411 1390360 2078396 9058105 9727997 9844354 30595566 25272259 1373062 18841476 1551158 24863490 14117434 3302293 2663910 15106064 22224198 18556584 1627425 12983464 28710886 26905372 21949534 21067061 13886468 23166669 27731995 7632323 18849440 608001 9443808 22266428 3760154 19026276 8034640 19988220 5266713 14970964 12204035 17884550 2911960 9365302 23415495 25937029 19064716 23966519 27064714 14920883
26555112 2205699 131089 19396974 23803641 29098882 21381772 15679677 16230449 30675734 25279976 32730191 1478192 1922007 18725988 5718445 24195063 9625311 6837829 26192596 5846219 2427462 21356994 7031524 4370544 18416910 21822536 6651435 19164115 3314744 30480999 165634 29624695 26333846 9028763 15373926 5145001 8421927 1391492 10304513 17155012 11499430 18960582 17399583 28010966 7900131 27633498 29353706 11272624 13965233
4899803 20300542 10766626 31399086 1003906 3784733 7154317 25253246 7266834 29223964 17729919 4652689 25513709 18829116 4123395 8811216 10165478 1679290 12968503 32161635 11497884 24214312 26200316 18729198 27534093 32025178 11789313 24506287 24169705 18191897 11416479 23685194 25129090 11341755 2925662 13567926 8865155 2783577 28939095 25666710 6775398 8494792 1843873 9343688 8334636 4163977 4642277 14984385 1881954 28374489
5636833 20364127 19252990 27477666 3739137 23491325 20560638 32448112 13467329 8572771 12801897 11987860 21850116 13962427 8370763 24714548 14387440 8216525 20660205 15164145 5560615 31684244 30811011 6714944 7654800 15189231 24346493 4091482 3838020 28294313 31560223 30722260 23417297 7548530 8540697 6665855 24813867 13310483 16834263 23583601 11957334 31537957 14300442 1328050 23463173 9238851 10302349 3944384 28051687 25331972
28505905 2829604 20262460 6293482 8096682 4261595 22145140 3521885 4249607 17369510 23532688 15746809 31940470 25918722 24606047 12031196 12482813 30152472 17093818 24877729 18716866 26745246 2373425 17464143 333861 25938540 13478140 17488466 4633224 7163808 10447514 25828273 8156486 9586738 8881366 27092135 14697729 30648537 15959485 4909139 26180922 26415093 3681497 26320832 17701262 14826147 16734153 2894557 15029763 18873492
22854383 12918965 12200726 14076261 29100385 5054472 24471288 10933320 5550656 30354425 14143845 10635514 10074188 19757054 17263796 30172252 21892917 24299835 12005858 653410 8882044 684560 20808999 30016879 31577976 27023190 19853015 14642655 23634769 31091893 16468818 8531811 2501105 14093481 32381972 6892248 21782846 16641473 25548710 28772696 29675209 23010959 12574355 7019584 26165282 799322 31580068 10089929 27870082 9979295
10615924 9325007 4260871 21416636 768549 10595901 14375572 1360379 20307297 26229518 20071966 236173 749402 18335637 31076376 15958717 32519651 10138191 24836360 25426056 24401028 4539892 1201440 19900988 22804514 5314945 8881294 11710166 10489916 9578705 11784212 12587610 4653863 4273503 21943712 15669935 27830900 32442037 6697117 14611440 17307525 1215089 29845129 26815676 960555 18452867 3448741 22407959 14939891 12359688
609024 21006519 25431996 10725978 15658836 28965744 18445394 30951678 23058335 13469128 27982038 6909364 7777043 11516796 4748300 14979922 32479855 14011945 16263228 12440321 13935524 17417564 25532266 5997639 27750096 14442371 1019934 28090708 27463359 20932113 31206740 18437189 26285389 9251469 16708516 5150412 21167037 9113147 22405524 27388709 18826133 16095066 10737585 29587610 720623 2457949 4993402 21822441 22915274 30544235
27835861 14879633 25178623 9651863 10455936 25040056 4884789 14070536 1313113 17383288 30689238 15456234 18111326 16982829 31477319 12561971 2600574 27602801 14949531 1086198 8396278 20058120 28281568 13203452 32714486 23115228 24823225 30238782 16048561 21482314 29399795 30299292 9648512 22182003 13115864 7457761 19558871 26402845 1450975 27582373 18460214 5637119 22734074 26272994 27216698 12876056 27832366 4103167 3944074 3068065
10631191 29261280 31964114 18021374 1556369 14912444 20527355 14964153 32222664 25080926 31977177 27137487 6179625 27410452 23406972 366081 32304542 10644835 18283720 27250356 8578343 7692697 20044045 28425026 29439107 24539449 28081983 27463239 10500395 6242355 25108998 4135580 5531808 3344161 1347944 13842247 3483647 14838516 15496194 16205937 24291676 31813093 30669643 2732983 22206356 19644436 16244721 30123130 22634338 2684812
21341818 28477631 997195 21755172 22787028 6781288 27643034 30483736 6733229 121592 23829421 24880910 21429020 21328267 13178950 13246226 4864222 16584204 16961130 23033291 9707082 21511749 18738845 13391147 6221126 26919211 31659661 21136578 17098552 11937798 5993851 16090732 26975581 14514789 2573453 22517383 27005205 9078497 10483630 15294678 31034564 17668949 30267844 16818360 30008355 28896733 30894409 1440242 16253094 18874556
8519931 409777 11713020 9218908 16903140 14675569 2026250 30872193 5218899 29618832 5868943 26533118 20510224 1535555 17063809 18958335 20806420 11797992 16619231 21789629 20205519 32000179 21443269 19547062 8662448 20820386 6179676 17430434 6764057 25070593 25560783 29744999 26625545 22556598 13598087 6732814 3724144 31391221 12246719 27770875 28169510 26492302 11493688 7127969 22535060 24394626 22650687 26237388 14025016 7879586
24715146 15082581 17278782 18990295 13122007 27036761 19696098 26422747 19849965 26651442 3549383 26611047 6529433 9088613 5007316 17586995 23883514 25190555 13375361 10095585 14641854 14328280 5623086 9555474 13841499 1678383 17494036 2509368 25646782 4446220 22462778 12579826 2476375 8197328 11176042 29291931 24798290 12316032 9449577 6824355 26284360 14412982 2105258 30436988 14737269 31406559 24899740 28320591 1952920 26430763
30796375 12015757 3405125 3658817 22863067 25646150 9113934 8940240 27210218 1256125 24294510 3550951 4515161 11382529 15757957 4003230 27839843 1294142 26065015 29434706 5871517 17125738 29920380 20437125 32488707 11756417 23895665 23889452 20064929 15670394 21859534 21622295 24527387 16508983 21865622 25241508 17770046 7059585 9946707 11365341 24306517 4075857 505439 24380085 351165 6137128 15711548 21774031 11306113 20825600
2915460 17834535 20543934 30495041 18793162 2543327 10019600 27779253 24080615 28236684 6202380 22424260 10155438 5370782 12340516 19300129 31448817 26721299 10093462 632579 12542377 7675796 30706301 10711605 18091754 18627511 1133246 15094438 2655188 31612092 20185092 26243594 23247523 31531584 15945997 3729791 30071456 487429 30226427 20946496 21736727 4407871 15311668 9496198 8126863 21548544 28311962 32417138 9916028 4778445
3213139 4197388 29504888 13092407 18965946 4670864 26130486 19890732 14359709 7369659 26109070 20022156 31281709 5070794 7550252 9969604 3595185 8365668 19024400 4889653 8428059 15600763 7007527 26870406 30388825 19672063 7958193 32058750 24676845 18881410 16995729 5292355 16978822 31855581 24299568 26370054 11007821 18463674 22962355 12632636 31095705 1148072 20790696 22674351 5001507 26737490 23687773 7228195 11505666 1136664
22854513 22673305 7449520 19816357 19038089 22816903 17899428 13900631 18071356 15271486 2711598 23487890 30482007 25076355 21937798 15838877 9565130 29929767 12222837 2762995 23168625 30415960 26072538 31081876 3453260 26041653 16419646 13232354 24853600 28189805 18491457 20842228 29531396 11656840 8114915 25136126 15204940 1210524 26308971 2198758 30682505 31327386 12989108 9226209 11765567 11641319 5138043 3048612 14236365 22525428
11668058 22914404 25091017 24937590 23187896 17084119 7150034 226423 25875135 1246440 13472164 28696570 19702420 24182583 10788103 11661635 7712267 6834606 1919920 20249349 22180336 10984685 21477335 25794770 24015807 20957847 4210263 27269038 2727381 24052275 18181985 19346068 14798933 29588860 10541794 29792032 29874548 26606769 15832440 30037403 10172900 11041654 8273977 13597171 26784109 17190177 20131236 13209608 19832680 22054181
2091558 23428072 21113714 17573803 15375462 26113804 20797815 21605900 1943033 19570689 1722021 27415433 17638319 19177335 10671524 22596939 10629676 29443173 4527948 12267339 29819520 20039956 27956951 13774051 11618935 4268743 2152155 22167770 29227314 23289601 8964410 13236852 22133692 3374007 22505522 15584584 20863350 10652578 4674101 23295617 15557732 18026294 5470017 10938573 25207310 4408494 4709513 18082065 7233463 24718518
20150635 8780563 295697 22308591 23295984 29703535 9468551 5626502 22890807 12312275 26111473 32488070 21564866 4824538 19387084 1886849 9188951 15099420 30126384 6784723 26120248 21719093 6448064 3014031 1051115 21490266 4324518 6594192 18737963 15916351 31331804 49186 2303526 1565723 25883011 6912902 22065005 30020930 4248256 6182281 18712231 9960219 15220234 15057621 22024998 4758471 329110 11628679 13229113 9801320
18849259 25614559 20972992 28969808 17974886 4014923 24583371 24069229 391655 8121693 25444323 32245220 32132802 21833448 23988158 25241251 24931351 25893631 1036176 2183373 14652794 10915831 1197445 21045746 17289196 27089944 24033216 4681804 20540992 8793655 17589272 9675371 11951591 29078023 6940917 8003626 11498133 1375379 30311991 75568 9613281 7812413 13884655 1373016 7813337 8962427 10831988 32519961 30593292 16584141
18886272 15654919 10343598 8305216 31031312 2398152 4053415 10034878 24813008 12602304 20929340 18846627 21535772 8438349 17953612 28214897 18129992 3648260 30379661 24639957 21651569 12810002 11856109 20787849 22250641 5011931 5886513 27803624 3069551 25254287 26755722 31058941 19651221 25189240 10013410 3331188 21524617 25456814 29018491 19985111 5254012 20096587 24406681 18015522 7998110 16139879 28940403 17760887 6746568 11662340
3245174 21355299 18318776 10872867 3290930 13100416 6831345 10202542 24562979 30017161 24533000 21726812 13802217 6619624 29238800 1944392 16025128 17307348 692526 14284026 31049177 31226019 28146486 2436189 4649623 31697652 9009629 26397431 20728731 8755777 6898613 11368348 6189761 21002429 23794740 24765116 29352224 32673378 5850213 354040 13018070 16499077 17217405 23755200 8353898 28074935 24389399 31717280 14436567 22344142
12787753 7614703 31016144 1509523 8746765 16767494 17236391 3419482 7500825 16526399 18172676 28636733 3556479 31228380 609125 3990289 24994366 3086083 20708552 12759383 8363311 8074769 2229434 4411724 4956920 16790500 10796339 23001 31041564 20127959 7543088 7021940 20321233 27784370 520376 3361462 9912641 5529503 3143127 24115323 2770811 12978790 29759703 22974077 30797367 17797914 29862122 32569905 25365013 9202026
22729856 1280695 19794318 16772921 6909407 27354606 28048616 2713911 5013430 7240799 25969455 20171565 14138738 9053726 2106983 15157404 25901009 27401060 12497987 25899367 17949057 4477103 10516081 25738693 14904194 19205976 8089396 32338816 22574456 21549683 11888121 24415744 31618698 29825731 29200298 26258073 25268638 4252612 12023646 32546249 24126979 19830687 2344614 3071691 3817413 16952330 18829866 24901870 13289564 15047389
13728290 20350854 2595557 2702902 29971213 15753882 14829847 28436750 2275766 21438333 22076216 443418 20747282 13791494 27243790 15212986 9268699 19936416 6482462 1505013 29948080 9833946 19319408 24330179 2410667 21855239 28074625 2895738 16569665 30183911 16225408 22423906 27259190 13226581 12696617 27823417 11364238 25810215 21721045 12537799 31097829 13493025 22559872 15133515 6186704 24164075 5839458 21767109 14591586 30386526
14329295 3506161 7384840 18361818 23645991 23575866 19370925 14845731 23735270 20933781 23307783 20538288 6375061 23784218 17513407 12568083 21959615 6930959 19461733 16856467 11294253 15379444 30358554 20692677 1753978 29596768 4358212 20566975 12743880 31906130 17824638 8314131 30720705 11120329 17300693 27148762 21056151 4106261 29966780 2368607 9627165 10475443 17825465 1963679 4541659 9649245 30982118 9950976 20463542 14591224
4428193 31644727 8438317 31634852 17831060 5929616 19451542 24145816 2243245 17133530 11457151 11651699 8024919 18996272 21132109 8775635 18093095 21774897 11870928 1526954 27370777 21116921 20778901 25635093 28106113 29497078 15128955 19807596 32053274 13417796 14653006 10665524 31096730 31090002 21671471 6839575 27557779 14095090 20614114 28359987 3254395 11630460 14550447 8927079 23415877 13140676 242074 30102353 17226583 3992352
12775979 2342691 21088306 25782811 10483294 5757177 226510 10866932 26171084 12079725 1683051 14543159 27403768 4183556 16829072 25242915 10344563 1231550 11776831 8082427 32202168 22520153 27175871 18224870 18290865 22517918 20252809 23290151 31861784 26729835 5800076 24886477 24124111 9455599 4326681 20323100 13868240 4957065 27641520 1143002 9335566 26219474 2565401 21368602 32394435 20543630 26493099 7787477 15778591 25851560
4561417 48644 32041559 3370107 11852496 1850943 2447811 2045481 4024930 117657 32334039 32320119 24045110 20769706 29831980 9338655 19327526 24998692 16895252 28114205 23661927 6260430 18160769 20015530 15619732 25502508 19700999 3271213 10183772 21541309 30025869 9899309 23686656 18422068 14293992 16826024 9835478 9475551 28825383 11865183 29325304 8935003 32670256 31269559 30359141 9829318 30220626 4894985 26528151 10964643
21924225 31071731 16268132 15817514 24314214 454734 5336301 2153877 28536068 10466078 34738 27353885 28903164 29982349 4923748 9822715 22254785 26865696 24504641 6064647 11756292 1564520 3206076 448916 14780002 24440426 32206706 26716513 9241473 15364567 2635182 31283626 14980207 18677325 17011382 2948629 15799268 23694308 18040443 8466094 16275170 18489226 11646189 2540596 4529324 15204080 31579813 2647145 17349412 13799763
10108194 5752565 12945331 2697140 13128612 7202204 9742229 29030840 20686724 24144108 32714794 10881528 6390930 24278160 31162327 12311122 21105077 22819839 29851219 31151326 18318719 19712694 22096146 19902434 11611774 6288682 30894045 9434823 6660052 9085143 10138960 7176786 2794959 6307027 12260211 30485843 31712826 12635827 32167969 13134073 3262731 3997302 19058012 10686845 14566555 10273685 23692863 16885338 7363233 15831289
21704435 13415243 19696695 27469293 3342755 23737397 15566451 15912535 1878712 7347745 13407048 24797035 27585901 20076404 22379914 21894137 5936260 18148510 15248781 16559362 14798407 26715246 3868183 17228375 1388936 17683644 20269066 25931489 27735481 20945574 3735483 4283738 28530669 10241900 19497165 7010427 31995605 22656196 22840102 25029628 24272788 20047166 20458305 29105303 14713324 16476409 6677115 17479845 6544654 13575636
1958926 2379000 5046342 5035094 29902081 151759 29132452 18343903 303389 26006245 29249693 29373277 21837610 26944866 5595055 12183984 31343000 15445712 32593689 25686525 16297687 10955352 24692889 9401487 12721639 17736811 31187164 9523977 8235768 7232257 10351489 15621406 13637556 2673317 1222726 30893273 7025648 3851806 4333370 15569749 13313534 14425008 30563625 30777583 24115014 7780665 22903884 26296870 19689688 28017917
11616382 25426930 28071852 76179 11623479 19285026 24304019 2784037 22065277 28699133 30470467 21651324 29929942 6639314 23002886 883273 17938591 6814288 8172884 30114413 9249113 28602159 3368197 11414914 17736095 30040940 22116943 18358584 2856985 10333481 30930102 3600193 24675676 30971642 8225791 2474501 9986175 11632721 7442564 12705079 14307135 21612052 27594651 9370150 28777108 18217778 19079215 29550677 20768658 15531257
24542013 31653395 11364185 27609027 29077616 20931788 25864230 15740716 11026030 15411614 15492416 4049654 29551497 15702540 12680179 2116438 21659151 11833327 28266440 30251356 29013242 26891952 18443059 17710990 3023912 889687 19431395 32711293 7291220 6615256 24259422 25138454 30764036 10351952 27463547 31764795 1744489 30502300 8205078 25559128 2487826 4939435 16043543 30833615 29243281 23200111 31275651 13492548 18501660 5402512
25847890 4309865 8387869 8201216 28665519 30142123 9307459 10378040 30962668 16206043 9527503 30123050 26787371 20033231 18003407 17197133 25032702 11236358 12777823 11216972 32589999 15239007 24421195 9277575 8913120 32138203 27163406 1267137 21371701 24929518 30786662 9601296 11217989 10413802 12505950 1594656 22768606 22917012 17026346 2831928 10404102 16557757 31147207 18044555 10195537 1109626 26524433 21270369 20824842 18065461
6216546 16169244 19510042 22529105 22872153 1557411 14937051 31252338 4233281 7147306 5812320 12655275 8677654 1744071 9294354 10501102 26309068 2695831 27679021 9115296 13227552 25155687 19495256 32589850 28501932 2858044 5496337 18267225 14593495 8087244 15125239 22354462 7934667 16451634 4092102 3206023 25853869 4181006 5717318 2428628 23213392 15981082 23875652 2165435 17007747 8249078 28565448 15577781 18336423 23631989
21224621 18218999 1261130 9547270 5366613 13918586 6984590 839012 27400106 6897835 22541434 12200654 24653317 10575339 27506112 32421352 5099459 27687208 12116822 23049736 2090827 1824298 32223382 19411617 38154 2392391 5939437 6366172 28447655 20411312 6359135 27391762 30300343 30637065 972825 2939780 29725962 24901381 21219014 11762267 8616260 16934808 8633635 19158952 16960117 18365451 25267891 2369149 24892010 18980260
9707948 14960129 8426561 3591651 28486736 25479448 6344969 6029990 7507069 22580129 17359904 3274477 24487173 26002095 32732042 10283751 15713694 3069169 6871249 15125732 11126651 19068769 29324600 16438648 13199937 30748032 8733294 32296078 10827699 12189233 16696033 14833931 30143727 18681866 12825193 31120911 25628327 25760190 72321 22075160 4640137 1371806 20289345 24373446 24891120 15220619 22681423 3072232 32465176 24134309
31408337 16146285 31232029 22535327 22299076 22606476 27274725 32482480 323657 22404045 10026777 205124 15638426 3761053 3135328 23747706 19657705 25862918 20935180 28263611 20498354 10454749 29371987 1960209 12920676 29276539 8943712 7108046 10708572 5748300 21904631 31101152 17535866 10416842 21490365 5600900 2151722 3565331 25652837 26245496 8450628 7994863 32471820 19478495 7681700 23473611 5768998 3356561 16957235 11141361
28000398 24629864 24899292 12868150 31897883 1595196 20173512 12655922 27088765 30156240 23774963 31426363 3750732 5336035 27092701 29425515 3724721 844064 32729489 9248565 32135659 30190590 599713 24674124 5732836 8397401 27987520 29718436 457369 12611959 9128534 26711079 11345006 22802180 19753512 22043978 11450399 26761542 17800086 18349149 15194784 30954450 6872915 11282446 14217838 10109909 7112016 22826334 16160547 24441011
30339410 7748451 21484262 13497500 26292103 26242108 4917753 19989746 29779165 27440513 31615994 24679045 17007507 30424296 17326106 14454479 27905005 14177393 16529801 21907336 30686244 8261387 23704584 5194770 19732900 23998724 7520389 26853646 19397909 22206717 15018370 10695086 26059435 16265107 17533799 27119505 20277070 15507640 23136579 25413587 15419531 5185440 28891503 29157113 12226904 29236085 10433956 7530993 23063147 14698475
13665200 13483584 1782452 26264956 21255669 30506682 7410775 784989 19838977 20533199 10952788 9921159 5789407 8552480 1766366 2889807 27848108 7371037 32074807 11739463 4423243 12192594 3636130 634435 3831146 31947542 15591863 13733900 4324195 26472643 28041163 32637921 18489556 11573680 21577094 1493025 25523855 4277282 29539707 20257881 5356275 5282902 10811747 17526308 10296720 17820769 21274386 17555903 10656807 5303681
29203585 17876473 7422752 16987057 29590626 2366865 17187322 22683393 31504135 23674583 28988311 13719427 16580196 27855041 30367517 9796095 220864 10555144 5079111 4167816 31243088 13628193 319409 11671245 31577732 27441197 1164223 21908145 923296 28358665 6326503 22736100 28351060 20354878 8971802 27288879 13740300 15262178 15037816 7264043 15230857 16876589 32515177 26415731 11492470 9381533 32130276 18199454 28167380 15386251
10464556 25903150 6614086 26809100 24412285 20998027 3950070 5652705 279516 20623185 4526278 19726215 5854812 12382110 29900808 22081807 2144634 14288885 23950279 27898743 25300490 8059789 3975547 294991 12191816 7035323 19255361 2647477 23141480 30502531 15633873 27025129 10252158 16007995 31784558 23746626 15580031 31095505 6068705 149632 13068277 30208616 13960134 25289824 16808575 8860143 17738717 9558003 29314943 31012977
13477611 12454542 26853898 31001774 18509575 30118780 14379332 12754353 29945862 16615031 19034089 23952184 20307959 7441483 22114733 2974216 2610207 17584947 26273549 23298246 1367197 9655090 28585572 17638478 27503047 29476612 30249943 30422015 24952828 18424826 18054737 15852213 17418424 22946641 14814135 121527 30466692 14934491 3598749 18748055 17241579 11213045 19138984 24968652 17873334 407328 14691786 31695059 27988889 5039088
27204969 28171738 2448491 16620880 19454312 31889731 27096354 350083 20943988 13412927 2724564 2416020 10671176 21801729 21798767 31584792 861522 19658190 27947570 10930119 26207172 16657580 4052042 28238214 6354891 10832560 483615 694136 5657131 32293854 3745540 31989456 5322962 27051549 5580682 19769112 7565097 7268720 10918933 20675126 12721862 8788158 16878198 29909178 336804 20082115 28947767 26881825 12880153 13706829
15323194 25060733 13926855 14492696 29557091 27519083 12746924 7997915 9457801 19307923 29151507 16896848 6009017 29678611 29579120 17736167 23334946 1585356 31075839 25485636 26449122 25746244 13052102 18430909 18661688 21901811 29327014 30922509 24857704 13816494 29717814 20937819 13361931 15179559 13148672 3859788 18298716 18085346 21213811 26479572 4081204 18182625 4612263 13963137 28972790 11155426 21450652 14328161 19210380 26295956
13539371 20782287 6429104 32758557 13095163 27789226 8296772 14068047 25312117 25446198 11922243 13637862 13819904 30915689 26534069 20974900 21161647 25537622 9521295 25368085 31084430 27194542 25707592 8391795 31682369 2849970 17596413 5997227 17054612 14625018 5744391 10848478 25948140 9400401 31005912 9808338 20318581 6013079 2566409 25612094 30533737 24011390 8870894 31323681 9536440 16841349 10106744 333748 18821650 5598584
