2000 100
1 664 830451
1 1168 796019
1 859 964562
1 419 839034
1 1079 910768
1 1040 906238
1 346 822497
1 851 837965
1 1075 786066
1 1344 956430
1 1357 971562
1 886 943911
1 963 765534
1 1646 951667
1 645 806302
1 1405 842963
1 1869 801601
1 1386 850232
1 374 781361
1 1181 799567
1 353 947119
1 1165 819894
1 1555 791611
1 1738 866325
1 1413 858167
1 923 753558
1 739 811117
1 361 978187
1 104 912261
1 1706 800643
1 924 830929
1 681 861662
1 187 772352
1 629 821932
1 116 815053
1 632 965904
1 226 961888
1 1541 817810
1 683 995672
1 1426 843679
1 1527 920701
1 138 838474
1 1262 936908
1 1488 786083
1 28 798862
1 695 990101
1 801 852212
1 1909 987464
1 394 922500
1 1899 931994
1 1113 935985
1 521 986828
1 1816 934518
1 362 752372
1 1129 935819
1 634 929395
1 121 761887
1 1666 815099
1 60 931974
1 1673 991616
1 793 794785
1 1330 802913
1 475 816501
1 609 806837
1 1076 875155
1 800 971159
1 546 936041
1 536 912681
1 1620 815745
1 562 758130
1 1432 827278
1 209 775824
1 1703 912666
1 1572 977021
1 1952 860156
1 1967 804705
1 1066 999664
1 464 853550
1 1873 923904
1 960 904763
1 1297 761055
1 218 834792
1 25 879518
1 1868 939789
1 881 783340
1 1158 842037
1 781 843812
1 1069 979942
1 228 754485
1 1644 763610
1 1313 766244
1 523 785781
1 731 767530
1 559 840945
1 1508 777907
1 988 753354
1 1878 823252
1 662 929605
1 309 859297
1 262 920581
1 83 948457
1 1385 889401
1 936 821679
1 1002 926253
1 1552 901169
1 440 949723
1 1585 762823
1 183 977351
1 1220 863328
1 787 764309
1 1222 909917
1 1874 997702
1 1764 852829
1 225 790196
1 1629 825150
1 293 942320
1 779 806441
1 1128 790195
1 1615 940846
1 1651 760333
1 565 905550
1 271 799958
1 1864 753849
1 684 780907
1 26 775726
1 1048 795473
1 1707 847011
1 1400 885623
1 1418 955347
1 129 810231
1 1709 885405
1 1787 792158
1 571 867755
1 1519 922790
1 1288 877711
1 727 897973
1 132 895356
1 1744 762529
1 451 841216
1 1849 977382
1 899 845775
1 1540 804814
1 190 864043
1 1451 969941
1 929 831513
1 1394 811843
1 38 761655
1 1919 769870
1 658 857629
1 1199 784753
1 1942 853795
1 682 863648
1 1713 953207
1 112 993831
1 162 774628
1 1613 758891
1 1145 976074
1 1346 771636
1 1531 809416
1 157 756932
1 1500 962149
1 197 898716
1 1203 797056
1 1747 938548
1 1502 762627
1 971 948001
1 450 789424
1 1358 816135
1 1739 996774
1 759 952565
1 1475 791431
1 1399 816431
1 1236 769093
1 1885 813314
1 1643 967746
1 1047 814121
1 221 813453
1 1156 889178
1 1059 886011
1 872 753999
1 349 779193
1 1662 930821
1 1794 982285
1 1270 807649
1 706 862175
1 1997 893279
1 1544 944216
1 581 926608
1 977 998289
1 1664 901479
1 1351 925459
1 39 965289
1 661 914501
1 508 995335
1 1037 859199
1 981 913491
1 1463 766442
1 1988 789231
1 229 896153
1 1249 933855
1 1333 895407
1 1741 834509
1 1840 763913
1 146 777974
1 1422 944270
1 455 880741
1 1458 879609
1 1978 927741
1 1805 773474
1 577 960283
1 1232 936055
1 1928 855340
1 946 814375
1 1765 809803
1 150 962352
1 1122 884715
1 301 974668
1 210 985911
1 1802 937775
1 1151 815383
1 1429 987271
1 284 887336
1 1137 773129
1 1008 751032
1 363 986145
1 1477 861754
1 1581 792364
1 1223 815961
1 1229 841595
1 986 964495
1 1722 890550
1 22 872752
1 1750 916198
1 72 923504
1 254 860938
1 1213 803771
1 898 888239
1 325 998357
1 1124 761822
1 656 971772
1 1101 849237
1 1775 778533
1 1205 895852
1 925 965105
1 1272 768455
1 905 893307
1 549 785430
1 1054 990217
1 1675 977103
1 948 891812
1 1655 787717
1 720 807983
1 1930 958776
1 649 952846
1 1786 759012
1 1953 814613
1 18 953238
1 1533 825238
1 1381 791844
1 227 758894
1 1064 793672
1 1485 868901
1 845 877363
1 171 782219
1 583 924162
1 233 991803
1 1041 945080
1 710 753276
1 1139 767098
1 876 931555
1 1171 844908
1 1408 882829
1 1700 952314
1 1448 794038
1 1309 960746
1 1310 803154
1 427 930584
1 493 942071
1 775 970870
1 343 838177
1 1056 844596
1 13 992771
1 827 820139
1 1404 991059
1 1061 863193
1 94 839482
1 1934 976738
1 1438 848013
1 1958 931828
1 1897 904166
1 318 993381
1 1548 793028
1 1536 820930
1 184 887214
1 1574 914474
1 750 869504
1 338 929393
1 1391 852655
1 1537 877354
1 351 853767
1 940 889216
1 1373 894921
1 144 799785
1 638 823825
1 1676 875972
1 615 892752
1 954 920783
1 1017 906622
1 1419 960785
1 1375 840281
1 407 925264
1 928 832183
1 89 939353
1 1916 852933
1 544 765251
1 516 918655
1 1242 875713
1 985 937525
1 636 902575
1 1593 939258
1 1414 927300
1 531 776820
1 1198 858529
1 399 800884
1 918 886883
1 594 791797
1 1334 894400
1 78 907259
1 1443 831402
1 1011 779851
1 1240 817941
1 1412 800325
1 1349 950840
1 1630 966335
1 617 913539
1 1556 883617
1 1748 952129
1 277 824944
1 480 944865
1 55 900098
1 188 912177
1 772 845497
1 232 902270
1 1359 820570
1 75 831284
1 445 785125
1 912 847159
1 952 965806
1 1143 861953
1 1095 795978
1 446 961639
1 1642 867033
1 178 860552
1 593 980985
1 50 964447
1 315 996733
1 1956 969358
1 73 931318
1 131 996016
1 724 824255
1 1340 949674
1 1804 760277
1 1529 982602
1 156 793519
1 291 792976
1 1735 867618
1 384 944393
1 269 806756
1 412 947680
1 1499 750249
1 1162 959382
1 107 960375
1 470 958708
1 804 997682
1 102 948622
1 276 787867
1 1000 952657
1 1257 983276
1 1893 918709
1 9 804733
1 1594 906135
1 869 866988
1 796 921432
1 1299 913201
1 554 903008
1 984 854141
1 268 901498
1 1131 839814
1 1851 974252
1 128 756787
1 1312 956613
1 70 906952
1 1903 825011
1 1852 957677
1 856 883573
1 1491 797856
1 1936 788816
1 1355 834085
1 1476 844634
1 654 753073
1 596 957535
1 763 771213
1 1626 903694
1 765 815803
1 124 820766
1 425 834135
1 1453 921657
1 914 999217
1 1038 865111
1 1104 806978
1 10 954930
1 1185 972807
1 101 800384
1 306 958672
1 1795 807856
1 1071 886089
1 1974 944809
1 408 816102
1 337 991414
1 1117 912447
1 34 885249
1 36 928097
1 468 759852
1 970 833622
1 1180 884239
1 1196 759344
1 252 932676
1 1823 984561
1 896 908371
1 713 789415
1 1401 754815
1 1658 839518
1 1005 989830
1 99 750932
1 1546 760833
1 736 810010
1 1322 775619
1 1742 990420
1 1173 997884
1 198 968746
1 1050 872993
1 1858 910483
1 11 917944
1 1684 873649
1 335 883226
1 778 811700
1 1910 753828
1 1990 976849
1 1474 972143
1 1740 961612
1 1034 907379
1 532 953337
1 410 852278
1 1725 963936
1 409 884568
1 240 765224
1 809 788940
1 483 785353
1 200 855589
1 1682 890347
1 205 798884
1 754 835630
1 216 783937
1 1354 842304
1 888 814176
1 109 939509
1 486 813401
1 831 821407
1 406 911612
1 976 879301
1 910 941004
1 865 892622
1 1667 931177
1 1938 852536
1 1281 903410
1 1030 905770
1 1525 842822
1 1072 922718
1 573 970579
1 1638 884001
1 1015 999261
1 37 911774
1 1924 916261
1 323 919892
1 1891 836088
1 1628 938273
1 1486 793417
1 711 933701
1 1154 872327
1 1089 844236
1 1169 990972
1 1727 799048
1 256 919471
1 1712 770808
1 339 943198
1 297 879842
1 998 930752
1 1564 983346
1 1792 923673
1 1756 860021
1 958 961909
1 1389 756161
1 1894 960890
1 822 792582
1 1589 991182
1 44 894803
1 1685 928209
1 891 988967
1 1996 769279
1 990 909476
1 1866 757988
1 534 958035
1 1044 944257
1 951 924834
1 1331 843677
1 1130 834526
1 1057 935003
1 953 813210
1 1624 798663
1 978 768729
1 1606 805607
1 1570 947024
1 1872 830817
1 1179 873760
1 105 767064
1 223 867137
1 519 929952
1 1763 988786
1 1449 804275
1 1576 901952
1 429 771456
1 776 811120
1 1549 810986
1 76 891838
1 1944 849656
1 439 804449
1 48 795347
1 1208 918719
1 173 918873
1 1824 909917
1 1123 776697
1 333 997068
1 844 995398
1 1063 884883
1 387 945925
1 1383 937568
1 994 777019
1 136 952473
1 386 830407
1 164 752416
1 598 774680
1 570 876800
1 644 968672
1 120 756296
1 1534 986988
1 1369 861801
1 1966 934403
1 944 876119
1 61 939205
1 1968 805093
1 1115 786021
1 568 818723
1 266 958425
1 1963 918446
1 1320 807262
1 108 824943
1 1195 995024
1 628 950810
1 1718 854053
1 1598 797550
1 270 959010
1 589 769498
1 1434 836154
1 1657 769379
1 1641 956777
1 242 793857
1 42 962205
1 1238 882068
1 1016 814154
1 1563 977101
1 1815 974013
1 320 796742
1 396 868155
1 1661 815485
1 1282 980957
1 1848 815164
1 259 836010
1 313 929990
1 1907 903574
1 811 953379
1 1609 811639
1 1668 768511
1 1791 786831
1 1290 880972
1 334 850113
1 1981 852445
1 312 761875
1 258 824804
1 14 839419
1 1614 973477
1 1754 788139
1 579 764661
1 289 879864
1 1325 854625
1 1289 825189
1 708 807739
1 1914 850480
1 355 891873
1 1505 942784
1 1091 783980
1 1507 942088
1 186 810972
1 1839 867912
1 921 896472
1 1608 823991
1 618 893053
1 1623 932869
1 208 938666
1 1471 970622
1 1796 799948
1 1831 840980
1 611 954253
1 1140 865720
1 456 938793
1 671 958739
1 199 908257
1 975 950888
1 511 876108
1 1724 768512
1 193 864163
1 941 994496
1 319 765438
1 1961 851012
1 650 773380
1 1933 864716
1 341 824283
1 1153 771517
1 1170 863344
1 1616 958573
1 402 817853
1 1592 989220
1 153 862962
1 1024 873369
1 1836 837168
1 224 990731
1 332 768667
1 1867 820847
1 1112 850721
1 1679 902293
1 1035 763432
1 1781 755548
1 1957 783227
1 290 897463
1 1483 763390
1 1743 959384
1 894 864750
1 1201 862384
1 878 852878
1 639 836834
1 135 833003
1 1734 842981
1 1583 925648
1 880 764622
1 420 945273
1 1043 891025
1 643 795826
1 1372 997830
1 824 880284
1 29 982484
1 1159 901087
1 1456 806360
1 8 900763
1 1704 846454
1 1046 957204
1 766 876709
1 813 760830
1 1078 908818
1 520 884039
1 192 983366
1 1526 902031
1 1134 752250
1 127 771957
1 1416 864699
1 1554 894278
1 966 921759
1 1295 896609
1 1911 838643
1 504 961567
1 1854 879769
1 15 827677
1 1332 972838
1 850 843651
1 512 769068
1 693 964858
1 1517 767209
1 432 870103
1 100 969140
1 1888 916435
1 1126 820674
1 372 851997
1 1579 761164
1 1736 905375
1 257 946232
1 1695 949640
1 652 753125
1 81 944330
1 1708 837528
1 1749 896984
1 1202 851461
1 1905 859265
1 877 884852
1 1773 956374
1 1838 872230
1 1597 891180
1 1105 869221
1 767 954981
1 220 904282
1 1845 805572
1 1036 766639
1 1023 793454
1 995 781093
1 246 855974
1 1244 842302
1 119 804518
1 261 809408
1 1969 822949
1 485 750115
1 1338 982189
1 1999 938762
1 1166 856606
1 1178 893917
1 424 835087
1 1501 975688
1 1550 834685
1 1058 773065
1 527 792911
1 685 817491
1 502 849198
1 1111 775626
1 996 979662
1 267 862769
1 1317 876148
1 1637 872466
1 1860 948090
1 1065 938660
1 655 775599
1 1259 947740
1 426 883899
1 1950 782403
1 273 961162
1 1387 856173
1 817 928775
1 1847 828698
1 730 947790
1 932 909006
1 1368 877062
1 484 950102
1 933 914198
1 895 844421
1 563 751926
1 1865 912349
1 688 965529
1 1901 947304
1 748 868359
1 1793 789021
1 1551 807117
1 839 844345
1 1799 822549
1 1304 764440
1 1478 940035
1 518 974585
1 438 854778
1 1293 757627
1 1870 818579
1 1083 847306
1 1929 946150
1 1492 997719
1 799 761251
1 897 909021
1 1711 870612
1 158 882722
1 369 832476
1 595 922082
1 1341 981561
1 1420 811580
1 1022 985741
1 513 908765
1 1319 884411
1 1922 805827
1 1935 816416
1 540 796916
1 608 944407
1 123 777409
1 494 793376
1 1264 803247
1 1561 985010
1 533 870172
1 773 930597
1 1688 877069
1 317 886133
1 1019 843948
1 1719 939135
1 287 996609
1 1254 817672
1 1467 932028
1 631 919559
1 1769 898717
1 1510 767115
1 620 806049
1 1633 832195
1 1291 961883
1 1557 897244
1 1611 984281
1 160 879368
1 1374 811484
1 1493 829483
1 915 770142
1 578 807311
1 1875 801035
1 149 940201
1 373 757299
1 159 767883
1 790 852269
1 1294 996879
1 864 922760
1 1068 762723
1 1045 981215
1 1074 871150
1 1965 978556
1 630 961734
1 1656 754689
1 747 925792
1 1279 832104
1 847 756824
1 1197 852570
1 1191 912394
1 1896 973039
1 1260 880582
1 1183 910267
1 166 751706
1 1271 909029
1 1250 979403
1 974 825520
1 1560 843016
1 1025 768997
1 614 934836
1 1287 983966
1 1446 896201
1 1006 855077
1 307 768047
1 1472 919487
1 742 940881
1 1571 753172
1 1538 801670
1 1819 783807
1 1402 773490
1 1832 784484
1 378 864270
1 553 811134
1 640 998213
1 780 934035
1 1468 914771
1 1013 860023
1 755 995714
1 477 923899
1 1269 974442
1 20 952952
1 1992 785408
1 909 965017
1 1962 753866
1 857 835864
1 330 943886
1 174 992556
1 1224 879106
1 66 940360
1 1382 961127
1 1268 971554
1 1301 781459
1 1370 777124
1 115 753372
1 2 753224
1 735 781801
1 622 863735
1 1945 771872
1 556 896647
1 1535 981176
1 327 872610
1 1521 949060
1 1697 999289
1 1649 976110
1 1511 932538
1 670 880326
1 1943 870409
1 1342 963074
1 947 833955
1 1182 930988
1 904 957865
1 908 918152
1 1302 871920
1 832 941174
1 1345 930161
1 285 764932
1 942 849629
1 106 884458
1 1052 886554
1 47 762698
1 1039 929807
1 1631 916641
1 1710 844973
1 453 816477
1 1176 859395
1 1506 778467
1 397 798480
1 45 867224
1 342 937792
1 1850 856564
1 949 940009
1 255 803984
1 206 844243
1 1889 791269
1 443 754029
1 482 909355
1 1566 803844
1 1982 868571
1 660 932618
1 366 773544
1 1247 751986
1 607 943227
1 1098 914099
1 1450 814666
1 993 797448
1 1307 955503
1 1757 776924
1 714 853705
1 823 871055
1 820 921021
1 701 980245
1 487 920118
1 1303 851968
1 648 953014
1 1699 959186
1 416 870202
1 900 835996
1 54 911826
1 1350 955589
1 1993 944682
1 1230 927250
1 300 823393
1 1503 752366
1 786 906539
1 264 793199
1 1033 916452
1 241 976617
1 882 928070
1 792 996845
1 163 911573
1 980 846099
1 541 751440
1 637 817464
1 965 778360
1 604 986427
1 1569 929634
1 1214 917770
1 110 954171
1 815 763735
1 1879 803593
1 1155 957728
1 1543 833562
1 1983 876088
1 1975 955428
1 53 995878
1 1121 768259
1 169 776395
1 1994 925867
1 678 915878
1 627 881619
1 202 795334
1 245 926756
1 1745 821398
1 890 871647
1 1509 805207
1 1949 864700
1 585 919037
1 1335 845258
1 495 780704
1 745 925079
1 700 774615
1 1596 948044
1 496 987685
1 987 925483
1 85 963895
1 56 801042
1 1604 931584
1 352 964310
1 421 816831
1 956 984178
1 1959 752974
1 398 775837
1 1834 776049
1 1311 760769
1 911 861104
1 30 968340
1 858 759617
1 1442 809559
1 1575 889456
1 1855 975660
1 1081 830038
1 1410 778913
1 1659 859128
1 1441 918698
1 411 814349
1 1028 824804
1 479 934348
1 1647 913593
1 703 873439
1 1186 942276
1 935 988967
1 305 862441
1 902 874427
1 274 947724
1 1881 842172
1 1465 868781
1 491 989334
1 283 975347
1 1801 893722
1 1193 854856
1 1920 875200
1 1827 906765
1 1286 941811
1 584 975244
1 350 993332
1 1989 979717
1 461 833953
1 1114 942605
1 1461 868679
1 1305 895305
1 613 852181
1 365 794376
1 67 883066
1 1314 763905
1 1384 863515
1 1669 954833
1 698 851014
1 862 935519
1 1080 779139
1 868 804558
1 680 825607
1 1844 845087
1 657 999502
1 1610 785097
1 1339 961593
1 340 852804
1 1941 992080
1 324 850901
1 74 974508
1 1482 754582
1 927 888054
1 732 805862
1 415 799884
1 405 905788
1 719 978517
1 1835 802710
1 69 792032
1 1361 817942
1 1261 907312
1 433 949460
1 1640 787394
1 1761 832592
1 1084 953930
1 97 920101
1 569 826525
1 1632 814549
1 830 761615
1 1810 993410
1 62 952252
1 566 945767
1 280 891874
1 992 782630
1 774 864120
1 253 992630
1 646 820496
1 550 777281
1 612 855161
1 704 769247
1 114 812699
1 385 871918
1 1971 990466
1 557 848558
1 1939 797629
1 743 932079
1 1107 992252
1 1856 826145
1 854 862330
1 1730 853329
1 1487 891356
1 1103 806246
1 1298 947982
1 1680 874702
1 354 975037
1 1627 967044
1 1782 885078
1 1808 882177
1 1136 873416
1 1365 849146
1 1767 853703
1 1600 953497
1 623 820582
1 788 857685
1 1762 767490
1 1861 771037
1 1097 826926
1 600 796238
1 964 969639
1 1004 974691
1 715 990996
1 321 957661
1 1253 806952
1 560 825175
1 1515 796885
1 1618 990603
1 1917 924113
1 1189 981158
1 434 806666
1 1457 780290
1 1871 812842
1 744 912683
1 1918 817585
1 973 881277
1 1164 927104
1 1822 774287
1 1077 851383
1 1241 750558
1 718 837743
1 1681 905766
1 1780 825542
1 926 802339
1 489 899842
1 1263 782042
1 1797 889952
1 1758 896966
1 155 755081
1 686 824366
1 1652 828209
1 969 968155
1 1932 917847
1 1660 815105
1 377 945913
1 145 876743
1 331 835391
1 1731 884681
1 1070 943178
1 1280 996522
1 1009 952834
1 87 915915
1 203 845177
1 784 913691
1 244 808875
1 1366 963286
1 1670 957608
1 196 811590
1 705 783161
1 1062 985986
1 148 948031
1 889 984667
1 1729 804571
1 1518 906595
1 1352 990096
1 1774 899239
1 395 874174
1 423 891637
1 431 759562
1 633 815020
1 1473 849331
1 23 976857
1 692 897937
1 1060 774148
1 791 969552
1 1403 879775
1 376 894460
1 1200 908858
1 391 796051
1 667 986207
1 1862 899959
1 71 776229
1 1702 936296
1 537 836861
1 602 811031
1 251 847322
1 1542 919836
1 582 899585
1 510 956991
1 515 992405
1 558 955328
1 212 807694
1 272 798825
1 938 926146
1 1421 825997
1 388 774665
1 139 817052
1 1789 755623
1 1132 866957
1 1234 755638
1 874 886711
1 308 812124
1 1480 792526
1 1853 804599
1 725 761517
1 1246 759350
1 751 932532
1 1424 816311
1 666 790201
1 1490 855025
1 1377 955648
1 1524 984373
1 679 966553
1 635 957141
1 1108 947494
1 1308 977357
1 207 953552
1 1380 993927
1 1588 755894
1 818 850872
1 1694 861618
1 669 813436
1 474 867990
1 1447 913996
1 972 922977
1 21 973455
1 849 839039
1 328 822120
1 1144 966015
1 77 890649
1 1042 810701
1 1415 882891
1 647 890109
1 1470 960138
1 1826 764154
1 1092 919711
1 292 887235
1 1026 935954
1 1324 946798
1 91 858564
1 769 944082
1 1954 943202
1 125 897520
1 1504 940309
1 1828 864023
1 314 956308
1 1235 826800
1 1960 824622
1 140 900191
1 1276 853740
1 1977 777959
1 1913 949306
1 673 990769
1 1513 938027
1 161 776539
1 1818 810365
1 1014 761941
1 668 753265
1 449 828239
1 726 947373
1 1927 867304
1 552 952643
1 1803 976318
1 1444 830255
1 837 849653
1 1636 827279
1 303 754761
1 1088 879710
1 1833 981314
1 1562 987729
1 833 980067
1 1940 776000
1 1258 765328
1 1433 874849
1 113 843613
1 1217 852917
1 834 770743
1 1489 839517
1 175 895172
1 1779 986943
1 5 979116
1 717 883550
1 1498 865635
1 1082 996655
1 1693 978081
1 1512 989129
1 1955 904144
1 1251 787788
1 1976 914822
1 1464 813686
1 250 830387
1 1347 786901
1 999 919145
1 687 929606
1 40 905594
1 893 784053
1 275 830008
1 1986 875690
1 1898 984655
1 691 893928
1 997 769588
1 524 958547
1 1696 871091
1 357 953168
1 1109 793780
1 1946 944271
1 1587 919958
1 1067 928994
1 126 854289
1 771 928274
1 567 791730
1 32 910032
1 665 919622
1 58 940941
1 1650 965994
1 1732 949046
1 35 789377
1 19 759655
1 709 862088
1 1698 756444
1 1987 911937
1 1119 929414
1 572 761191
1 360 973561
1 1454 985920
1 1273 780748
1 1753 939576
1 979 772633
1 1671 906334
1 723 844253
1 1683 912124
1 492 952097
1 476 781843
1 1806 832738
1 1228 953360
1 1892 877035
1 503 825314
1 1152 758417
1 213 839135
1 957 835590
1 499 809411
1 1215 882999
1 1772 920387
1 1830 979318
1 1093 868699
1 1462 919179
1 1337 906950
1 962 870689
1 782 760698
1 279 808818
1 1407 947215
1 7 998647
1 1284 983950
1 82 797082
1 1755 958636
1 1326 805530
1 231 987742
1 33 952373
1 1376 992019
1 861 784706
1 606 774081
1 296 870814
1 278 957849
1 1392 953853
1 130 881482
1 1908 862821
1 1778 827878
1 298 955706
1 147 893551
1 435 808182
1 913 994941
1 1306 929098
1 1602 763816
1 1027 846572
1 1882 847714
1 118 865151
1 699 810965
1 1466 983260
1 696 898122
1 238 790702
1 697 978120
1 1239 904659
1 59 784891
1 1371 966724
1 707 967860
1 1328 954215
1 797 778547
1 1777 788889
1 1194 894571
1 885 985164
1 807 824236
1 883 931301
1 310 837517
1 576 751518
1 1821 910673
1 1188 768876
1 1245 771253
1 625 850359
1 712 910517
1 49 977156
1 65 852982
1 1912 995125
1 1784 846227
1 154 754615
1 989 998218
1 1915 929506
1 1972 840021
1 746 920783
1 1580 859022
1 1530 929461
1 1687 785187
1 180 919963
1 51 893574
1 463 870967
1 1809 792356
1 1174 960970
1 1315 933720
1 1321 989863
1 204 997229
1 237 824325
1 400 945685
1 855 853536
1 1397 889479
1 1672 826073
1 1090 768819
1 16 917947
1 1277 946620
1 836 807826
1 176 789314
1 1032 767218
1 1876 962572
1 919 890016
1 1532 813358
1 1964 926651
1 1411 780922
1 458 960074
1 1751 902322
1 810 840698
1 168 995432
1 1886 972580
1 1096 849366
1 535 966803
1 835 855415
1 1149 875448
1 1653 760868
1 1225 865236
1 380 938708
1 460 894479
1 401 803052
1 548 903160
1 167 887609
1 295 908387
1 1102 961927
1 586 980091
1 1720 915080
1 1567 838661
1 239 815794
1 764 940252
1 1717 760603
1 1275 843681
1 1991 875072
1 1759 972820
1 597 814728
1 1455 790438
1 356 751465
1 806 997562
1 1705 755440
1 1813 887145
1 1825 953849
1 1142 809258
1 428 777859
1 418 869586
1 828 753427
1 466 932164
1 1348 810366
1 539 782051
1 452 783178
1 892 915977
1 1985 939149
1 24 996187
1 230 998719
1 1714 839292
1 729 875836
1 459 751020
1 694 766819
1 465 812979
1 1689 808761
1 1110 998374
1 1318 847675
1 1469 921743
1 1417 782936
1 1481 942066
1 316 782367
1 1880 944360
1 1947 901378
1 838 876869
1 383 752654
1 1701 969122
1 191 777396
1 967 906022
1 1138 894513
1 63 938470
1 1612 886801
1 1051 829816
1 481 898268
1 1192 876992
1 1118 866229
1 1584 838140
1 79 949665
1 1265 804615
1 1520 934199
1 884 826422
1 370 998012
1 1573 999560
1 31 989049
1 702 984977
1 529 944263
1 1221 981015
1 151 791674
1 873 879499
1 1601 856585
1 853 941113
1 454 891990
1 1603 988816
1 111 758270
1 182 879879
1 1906 879525
1 288 792919
1 1427 786680
1 603 847718
1 906 783308
1 469 824275
1 1106 867449
1 235 949817
1 1820 776744
1 1087 996040
1 866 773339
1 368 857517
1 1496 863787
1 1227 917571
1 249 770668
1 1951 801691
1 663 898376
1 1783 786964
1 1001 923399
1 1639 968463
1 605 751653
1 219 999002
1 821 998453
1 950 854568
1 141 994651
1 1021 966259
1 215 929957
1 1316 925338
1 590 930930
1 907 792742
1 1356 802603
1 825 977617
1 840 957486
1 80 954068
1 1523 801771
1 1100 776701
1 437 883558
1 863 771201
1 12 904736
1 367 834324
1 1516 754849
1 46 976391
1 1218 764984
1 1125 994988
1 1409 976235
1 133 824834
1 1568 853040
1 1842 935916
1 762 944167
1 934 970896
1 1177 814136
1 1605 908310
1 1926 982238
1 1187 999517
1 1904 920133
1 329 878338
1 1296 959919
1 1807 996613
1 177 965978
1 530 958360
1 968 850063
1 1902 961545
1 1921 981778
1 364 922215
1 937 928244
1 281 854738
1 561 755891
1 471 778886
1 651 960730
1 311 833584
1 768 785939
1 1553 852015
1 547 866368
1 1436 797933
1 347 967001
1 1800 814315
1 1716 845956
1 1635 861357
1 761 785013
1 1231 794834
1 1622 805522
1 1522 755292
1 591 841958
1 304 967682
1 1423 839086
1 1771 824213
1 1547 825277
1 462 752761
1 390 834132
1 1766 948128
1 741 811121
1 689 921977
1 348 995679
1 901 818253
1 802 926049
1 1379 957248
1 1255 926650
1 789 788230
1 716 756922
1 506 861363
1 442 828088
1 1300 899543
1 1484 802077
1 1559 802145
1 1398 968328
1 170 880232
1 642 861156
1 1364 815705
1 1343 864170
1 236 836186
1 1900 826964
1 1545 914894
1 1329 850547
1 1435 868198
1 542 872457
1 393 865674
1 260 783952
1 41 949876
1 1003 846137
1 1558 980124
1 1204 811123
1 653 821371
1 1430 954966
1 1459 969549
1 444 876370
1 551 850949
1 286 781395
1 1565 761374
1 1031 788364
1 587 871971
1 842 807699
1 1814 889166
1 795 924432
1 588 763600
1 1378 987973
1 574 970032
1 1923 938939
1 1148 775405
1 1692 855738
1 302 921753
1 189 817844
1 505 829990
1 1479 839996
1 760 869469
1 1029 801884
1 52 977091
1 194 922565
1 616 887755
1 619 904477
1 1211 992451
1 728 851727
1 3 756117
1 1127 785983
1 1931 811325
1 1362 778042
1 676 750529
1 1768 868476
1 1274 836257
1 294 872519
1 413 894378
1 770 825387
1 757 991555
1 1495 952565
1 1327 990928
1 1528 797755
1 599 755977
1 222 754542
1 785 756899
1 1841 752593
1 1829 981261
1 819 865547
1 1595 769410
1 621 949055
1 1396 812955
1 1980 935661
1 1172 782248
1 931 898342
1 867 782770
1 1590 993801
1 1617 869850
1 1086 897689
1 1812 890509
1 545 843679
1 675 965421
1 137 756404
1 734 902380
1 441 955846
1 467 791991
1 677 967892
1 1746 949743
1 263 807742
1 1161 909889
1 1243 981456
1 1049 900188
1 522 961183
1 1367 981812
1 1425 774019
1 1390 994751
1 172 824026
1 247 763889
1 1209 958969
1 122 902950
1 808 978001
1 641 971069
1 1984 881200
1 1654 849876
1 592 870336
1 920 961482
1 1353 903611
1 430 768364
1 1440 785785
1 488 997950
1 1336 829300
1 514 786632
1 344 816711
1 1395 946070
1 879 868078
1 1582 812121
1 1190 776982
1 555 859669
1 961 788063
1 798 940833
1 359 753372
1 517 755526
1 382 874770
1 1428 772807
1 95 934392
1 1890 857766
1 1737 784578
1 812 921817
1 1752 967784
1 1360 977190
1 1437 902825
1 870 898097
1 1995 857647
1 1055 835628
1 179 845487
1 448 841676
1 1625 921337
1 473 869694
1 1634 921845
1 624 810188
1 1788 936751
1 1607 804126
1 843 894995
1 96 797559
1 1184 935004
1 1494 767505
1 526 766695
1 1817 914080
1 1665 803824
1 1135 798301
1 478 770261
1 887 998826
1 134 798428
1 816 801799
1 1690 790971
1 1686 846036
1 580 859186
1 564 887692
1 1012 865358
1 1163 832392
1 841 778120
1 379 776979
1 1674 920082
1 1406 803161
1 1085 873152
1 1267 926174
1 943 768657
1 201 920177
1 1020 826326
1 1120 774577
1 1895 892287
1 1514 826367
1 88 902737
1 6 903766
1 181 938490
1 690 935242
1 1445 756479
1 1859 969317
1 381 942461
1 1621 948538
1 64 798582
1 1733 809897
1 1167 835453
1 737 813967
1 165 769655
1 336 811344
1 1948 770297
1 1460 868471
1 783 761632
1 991 848376
1 848 790878
1 1790 764789
1 1207 781784
1 86 960610
1 860 880287
1 1726 751023
1 234 906540
1 1363 823466
1 1678 870520
1 1212 862379
1 243 949934
1 1887 769805
1 674 780747
1 1843 911864
1 1846 774104
1 1393 792089
1 930 913586
1 1323 758212
1 753 960736
1 1883 875408
1 43 870206
1 659 825120
1 1007 818354
1 117 888632
1 1721 884470
1 1811 819525
1 152 789931
1 417 782534
1 1591 886798
1 1278 958737
1 1094 854850
1 358 965057
1 326 986332
1 543 775857
1 1998 819243
1 1837 783949
1 457 821138
1 217 830934
1 436 949591
1 1292 770753
1 1210 809621
1 740 767857
1 1256 953353
1 1252 978649
1 955 931409
1 507 921741
1 322 897405
1 777 772757
1 803 951441
1 490 801727
1 142 897232
1 414 884153
1 1248 978376
1 371 971275
1 1141 815997
1 1018 910316
1 392 925186
1 983 789112
1 211 926625
1 1099 995990
1 1648 825994
1 722 925529
1 143 846657
1 1431 821368
1 1497 985631
1 1219 887643
1 1973 764755
1 982 911790
1 756 976139
1 875 897776
1 1388 885197
1 1691 945770
1 805 985300
1 922 952337
1 610 760483
1 528 841757
1 1785 978584
1 814 941958
1 404 771792
1 92 855369
1 1770 790292
1 1798 879050
1 1133 807943
1 826 866132
1 472 928881
1 1266 912165
1 1010 766573
1 1233 909813
1 282 834873
1 345 865982
1 447 824339
1 1150 764458
1 1053 793173
1 1147 977429
1 1884 990368
1 98 925086
1 27 791542
1 1539 971316
1 721 980971
1 733 956948
1 1857 902602
1 375 784811
1 265 952709
1 17 863752
1 84 826666
1 1237 853487
1 903 847966
1 90 755452
1 1452 847611
1 1723 764850
1 1157 815563
1 501 972477
1 1677 961469
1 752 945381
1 185 984007
1 103 829326
1 422 787230
1 575 997066
1 1937 843651
1 917 855115
1 1216 977417
1 1283 824348
1 959 876502
1 1877 943101
1 738 967230
1 1175 883263
1 389 993834
1 1577 837515
1 1599 763020
1 601 967100
1 93 837510
1 749 930700
1 1160 978037
1 758 854924
1 1863 776872
1 1715 990878
1 498 801568
1 1578 944206
1 1439 811727
1 500 793146
1 525 816790
1 626 778084
1 1619 753359
1 68 888683
1 538 926964
1 1760 957538
1 852 957564
1 1226 938598
1 672 975558
1 299 944752
1 916 906894
1 1925 862997
1 829 985613
1 1776 814004
1 1663 761686
1 1146 931954
1 4 995964
1 57 759437
1 195 926646
1 794 785091
1 1979 801267
1 1586 932031
1 1116 821111
1 1073 998167
1 509 823035
1 1285 905210
1 403 898108
1 1645 778569
1 846 884019
1 1970 791428
1 939 984208
1 871 774634
1 214 914956
1 1206 838005
1 945 938622
1 1728 752799
1 2000 759308
1 248 819483
1 497 865866
