5000 5000
1 308 2924116129
1 3201 931426424
1 4398 709387999
0 609 2256581248
0 1566 1777416018
1 4709 1171183682
0 3770 752123966
1 1896 3894906376
0 230 3761076141
1 1345 676968476
1 3116 342409501
0 4948 3143999592
1 2186 2376352094
1 3892 3478048443
0 2773 2100852395
1 2894 2317216575
0 3378 21120221
1 2701 2366666911
0 847 2986452587
0 2627 2391068992
1 3109 851603
0 493 1221045900
0 2382 3213071661
0 2242 113400809
0 3597 3685894847
1 3286 2256895598
1 92 2472010820
1 1232 4000164204
1 2413 324633373
1 3612 1601796099
0 3890 528624779
1 2434 2654706001
1 2300 1458874606
1 2350 2058620561
0 546 1969023558
0 1021 1336940656
1 3147 2449203348
0 2297 3264050957
0 3676 2402287217
0 1369 519342483
1 2074 427350764
1 128 4091247566
0 988 3617170090
1 2392 2401182055
1 1630 2170017940
0 4890 2914748276
1 3212 3876325720
0 641 3823224074
1 3963 1453938984
1 3538 3050423769
0 1934 2594534181
1 3153 1136926068
0 2895 3119307408
1 1352 2614414924
0 2162 1140110569
0 216 4276399580
0 190 3059615339
0 4332 3356065288
0 2616 1867882521
1 903 3367978859
0 297 1550380233
0 3992 2585054550
1 2794 4246285155
1 3042 3416844597
0 4801 2758755354
0 2626 2279448544
0 910 853668012
0 895 842301204
0 1734 2387990632
0 3955 1277865667
1 1469 4188147660
0 2676 2163653011
1 3308 1220864211
1 2284 2216927403
0 3908 2366318036
0 1429 2264979092
0 1634 178645094
1 4945 437826314
0 2205 2040741551
0 4948 2774727630
0 429 838229006
1 3347 222389201
1 232 2805113253
0 2122 1411309958
1 2174 3137104562
0 390 1229734121
0 2918 1602187976
0 3416 3030285835
1 2633 1760133102
0 4818 2652007900
0 4279 3859657702
1 3632 3943185454
0 1460 4104939232
1 2094 2879012259
0 1516 2178570855
1 3813 2786449463
1 3145 3514370533
1 2241 425515503
0 4780 200879894
0 2470 2307799968
0 3488 3623015686
0 973 1008994640
1 4201 3747388283
1 2765 1374145598
1 4206 4191059497
0 4914 4137613149
1 4284 812530163
1 3104 578065650
0 3302 1386828264
1 2284 1246627833
0 1530 1070911
0 2748 172146243
0 3216 2415081390
0 1871 273438836
1 1086 4174494971
0 3552 2504773732
1 2732 3832886618
1 2783 3086420755
0 4443 2609615892
1 561 1199585937
1 3795 4226309903
1 2743 1868497770
0 4187 97588246
1 999 2401835464
1 587 1749757660
1 1293 4278318957
1 77 2556483079
0 1006 1295492343
1 217 942406862
0 4572 2624788940
1 2923 3323553897
0 2439 3262478013
0 3033 236556559
0 4012 2770230596
1 4502 667752447
1 968 2602699102
0 2517 4047249034
0 737 577005261
1 3110 3779406143
0 4658 268680470
0 4307 1604467936
0 4646 2885972504
1 2744 109650218
1 101 618559998
1 185 2279028644
1 882 2324972723
1 3811 299315564
0 3608 3364619609
1 1915 363477857
1 2935 3345435752
0 4605 1735589209
1 1546 2268452775
1 4543 3526636009
0 4951 3548396854
1 605 3999206207
0 2670 1222368849
1 4250 685091679
0 834 4216508376
1 3435 354058864
1 2758 3624759158
0 402 3473023883
0 1036 1530877994
1 236 2455369187
0 651 188688642
1 1941 3066512033
1 1704 4088396080
0 1652 624438999
0 2039 2486564004
1 635 1245892952
1 717 2291728596
1 2396 2956274266
1 2742 1243794844
0 889 2596934513
1 892 1358988599
1 3475 3851939081
0 2354 3867204786
0 2237 2441354265
1 3255 804163333
1 1268 2596270961
0 1478 1492645350
1 2586 2841538358
0 2728 3427599011
1 1444 314149496
0 4005 3255539067
0 1017 1106752263
1 1779 1393685738
1 3232 1472640651
0 2634 1745406346
0 1034 120843737
1 630 1623317252
1 3292 2911400596
0 2258 2872282044
1 4698 137624459
1 4664 273863747
1 1690 2108191077
1 4692 3924777806
0 4392 4163271934
0 3559 3411075587
1 579 3354273871
1 1221 3362927282
0 2481 4273265331
1 267 3277918515
1 864 1415212090
1 3237 2534934901
1 1431 1128548260
1 2899 2300237574
0 81 2004439172
0 1043 2414279529
1 3760 927874478
0 672 1210241713
0 4264 1734407333
1 451 1380457201
0 1514 1985093697
1 1358 2248460338
1 4145 2420255047
0 4305 790383031
1 3712 3189573923
1 2765 4153099811
0 933 1840902571
0 214 3370037978
0 2734 3886719616
0 1525 3398162907
1 2372 2370210808
0 4133 1369731383
0 4855 2051727457
0 3737 3999641361
1 4986 401969629
1 903 2016215594
0 1824 30710994
0 2696 3260414941
0 4202 3174172026
0 3584 3626501502
1 3612 1091838800
0 2155 64972768
1 2259 2837921839
0 1220 2531141200
1 1165 1222969537
1 4000 2436474730
0 1195 3086556721
0 4219 1449487121
0 1727 1564083206
1 2355 1690496305
1 869 1554870921
1 4692 778789138
0 3546 694054509
0 1381 1926681765
0 1684 3695233257
1 603 3211847937
0 448 3310072705
0 250 482916145
1 4426 2372939208
1 671 1548692191
0 2539 1863994168
1 2781 3040356882
0 2163 2143135943
0 20 2702315558
1 692 489251562
1 906 1930620810
1 3244 3798551903
1 4203 1316146136
0 333 814475092
1 1232 4263786744
1 1913 2532846179
0 4725 858371400
0 1696 701235153
1 3723 4041468144
1 2513 2612408322
0 1257 1217642926
1 4194 3884034162
1 2185 1156014317
0 1137 2849797468
1 2141 351508878
0 3238 3137505086
1 4885 4215440655
1 4434 3134021604
0 4112 2102380438
1 832 951422584
1 175 1928940703
1 1979 3278705124
0 714 2095938154
0 3152 3282545706
1 1138 1303054940
1 3482 499959005
1 4489 2939292724
1 3205 882015599
1 1634 3129229217
0 1274 3020932524
0 2378 1471031177
1 377 4156328959
1 4064 2183612496
1 2687 2046806283
1 1340 1030921903
0 4815 117953895
1 733 299045901
0 78 2575921372
1 2005 2309918662
0 2692 2151996049
1 3228 2152649403
0 2008 359458341
0 1086 107365688
1 563 2875684530
1 799 4254557509
0 2264 4232439717
0 1363 2572369991
1 2313 2518243325
1 2436 3659762364
1 1926 2840213612
1 738 3980158447
0 2097 891185622
1 2500 2883329661
1 3787 105676761
0 2866 1627022161
1 369 3854537712
0 2498 754748985
0 556 1648641524
1 1319 3945209014
0 1436 3558428102
1 4912 332902536
1 3401 1076082480
1 4325 4257021970
0 3669 423178079
1 4941 3346985885
0 2152 669846885
1 4970 2457826826
0 172 3125500654
1 954 1824701585
1 1223 2684977843
0 2748 490539659
1 4831 3538081878
0 3392 2749188710
1 1801 401004887
1 3814 2665355614
1 5000 901939281
1 2009 2540756697
1 778 494460444
1 3596 4049026322
0 897 411914643
1 3071 2820801776
0 4668 3213210968
0 651 804870734
1 4248 47532325
1 3221 3220190898
1 214 2272230875
1 2886 75665388
0 594 3548255602
0 4505 3104776267
1 887 2687270306
0 2368 589040421
0 2261 737171098
0 3078 2738513909
1 4458 1655844277
0 73 3913553917
0 1835 2224968856
1 4471 3851865872
0 3644 1197230950
1 2123 860628489
1 249 3132169651
1 3462 3715044636
0 3722 3766475670
0 1580 1068155994
1 2961 2757614870
1 2255 4145323875
1 2266 1202531100
1 4679 3230199496
0 4180 3336234569
1 664 797569712
1 3883 1263103480
0 1360 3062473988
1 569 3452691231
1 2726 1695208145
0 3678 246584281
0 4313 1916689588
1 2700 1426921180
1 240 4280029054
0 3434 736419410
1 2709 1668009622
1 921 418030806
0 4860 4110500262
1 2826 590287860
1 1772 2677518339
1 4085 1241336343
0 4373 1812043885
0 3883 3150879703
1 3554 3058545661
1 1724 2574014480
0 3160 3279439994
1 3610 2286007527
1 4564 1768127221
0 3202 3106037365
1 3870 1118967491
0 3285 733917685
0 300 1380702786
0 4320 2715549574
1 3566 1940674372
1 4884 511915296
0 1258 581973226
0 3927 849761085
0 4865 3213099797
0 999 1260118351
0 1478 395086060
0 1650 2682886911
0 106 2167524319
1 706 3056279833
1 4420 3013178659
0 4520 1328549112
1 10 205196151
0 421 4203542050
0 4739 1081007408
1 3774 3740503330
1 4777 706139472
0 1315 1960786363
1 295 2605015483
1 1461 2446677930
1 751 1503087545
1 171 1554344965
0 3092 1108288475
1 3797 1924411608
0 3116 3358245775
0 4141 3260696512
1 1278 641421902
1 3612 3925949438
0 4632 3225715996
0 612 3528554769
1 3196 3784635362
0 1901 649269825
1 379 638057451
1 266 1142513819
1 1539 1332771272
0 4331 4159722729
1 4315 89101162
1 4556 1723744764
1 3937 3579935481
0 1424 2575847601
1 4074 1324474390
1 826 354386954
0 851 3784854228
1 4560 3599752136
0 2983 775835220
1 3759 1879503910
0 772 3809024144
0 2718 3818901147
1 2064 3242479711
1 2963 951516565
0 1315 1465049366
0 2167 1765280876
0 3421 924932755
1 125 754788531
0 388 1970680036
1 172 2246252419
1 84 132088799
1 2181 4050310544
0 3747 1363723068
0 4903 577159266
1 1813 3238233620
0 875 3444377586
0 4700 290056624
0 3921 4169107097
1 1202 456920355
0 1749 498061809
1 2442 1787207831
1 4509 117310908
0 2137 1231514528
1 1001 618734977
0 4386 2892085030
1 4123 4244916926
1 2589 2721374873
1 4179 148830375
1 975 4168388279
0 1396 3423457822
0 2024 178407201
1 3524 3185974822
1 2446 3168762000
0 4655 1822783827
1 3797 4039684534
0 3556 1531137787
0 2106 694517167
0 4414 290205634
0 1021 596156342
0 612 962023866
1 1624 2848361992
1 3108 2434441639
0 4489 3414060665
0 2738 4262079736
0 1026 3830130798
0 317 3653979515
1 171 564643361
1 1588 3226534872
1 1147 1705590662
1 4123 1389523455
1 799 1216097809
0 3501 36595464
0 2731 3576408666
0 4778 4059554635
1 1705 219740177
0 4200 3197859748
0 2175 1327335246
0 1381 2718248899
1 1245 4117988278
1 3169 599639260
1 4957 3599968413
0 2834 1798066931
1 3885 3851834863
0 2355 4038775578
0 4163 2566936622
0 2929 1139881375
0 1133 1939027850
0 3133 505637909
1 4182 3896928203
0 2768 2782879983
1 293 648910427
1 786 2464551925
1 3571 2395586349
1 4338 3332298089
0 4021 4078566910
0 3076 3821749961
0 4412 1121747725
1 1177 2077823444
1 4049 2612341708
1 4112 3264243842
1 204 1131924644
0 4395 3554345806
1 52 1324560833
0 3282 573798664
1 1251 2969370032
1 2861 1526214016
0 4651 1697290215
1 3753 2790986268
0 4477 3821968638
0 2859 1700510539
0 3590 2896302565
1 1350 732627496
0 1993 1902962519
1 522 3589220410
1 3155 1251166990
0 2712 4134638356
1 1616 3607727531
0 1708 2766858360
0 3888 3498844165
1 755 1532529910
1 319 727289353
1 2700 2991146958
1 4088 3016901254
1 934 945330855
0 3594 3354715423
1 772 2432075128
1 3740 2225539055
1 3645 4121203345
0 2663 883767096
0 422 3366779633
1 3135 3389675538
0 1443 4087836314
0 4179 4118400998
0 3959 2512266320
0 2844 488705732
0 2533 1858758240
0 1954 3746687403
1 1674 410992456
0 3130 3612180094
0 862 194740151
1 43 3658174257
1 1790 3287445970
1 4705 1937666699
1 699 4017171239
0 665 1779968545
0 2450 3288305570
1 2785 3949508833
0 4193 3893865865
0 3844 117457136
1 2415 890898754
0 1202 750693769
0 338 2984480714
1 2466 2179798213
1 4172 3086659756
1 956 587628522
1 2775 3452581672
0 337 124672393
0 3467 1697923846
0 3050 1683961106
0 164 1401461723
0 3071 662636948
1 4125 3557051857
1 2823 1427376292
0 1463 2323966536
0 4912 2373308059
0 4358 377857434
1 1023 778519947
0 1337 1638504629
0 287 1507103752
1 2076 2702942802
0 4793 1388451393
0 2014 4243531127
0 1012 3104347017
1 4704 102549471
0 2108 2678668755
0 2591 2683807352
0 4764 4088733889
0 4491 2097435014
1 4181 2967165446
0 3778 2499921712
1 648 2643494202
0 1228 1987722187
0 3573 57749788
1 2858 1773464289
0 2963 1385835685
0 787 1012618999
1 2267 409810482
1 3552 846511550
0 3927 3825514260
1 994 2217548885
0 4220 2497764831
1 1960 1932324705
1 546 3225308206
1 2425 2980756904
1 841 1327514565
0 4423 3850437293
1 1397 213951096
0 4371 4253889891
0 2863 3584990564
1 3673 3801473957
0 1594 2180251900
1 2452 454598342
1 1681 117939435
1 4847 2129716156
0 3558 2093360560
1 2325 1240244444
0 4493 2833103650
1 4930 2814293511
1 4862 4273416394
1 2153 2371939932
0 1068 2636684041
0 3708 4140876877
1 4723 563661392
0 829 518370280
0 4815 2923655405
1 4988 3977849086
0 2943 4259260561
1 205 2080289468
0 3433 1359823922
0 630 1351592735
1 1043 1331731810
0 2225 1380480607
0 3100 3140888805
0 689 3338996987
0 777 2560265113
1 1704 3760162753
1 355 1665619501
0 2920 2849610873
0 3654 2560294199
1 2819 3558721968
0 2536 4266908118
0 3668 151716544
0 878 3851503053
1 2072 2367864183
0 3024 3427475468
0 818 1189084409
1 4388 983351154
0 2290 3901904308
0 3881 683783105
1 4677 2164246391
1 4322 2109898847
0 1007 383462168
0 296 3092900728
1 2881 446297380
1 4146 3032458887
0 111 2726985282
0 337 2361645170
0 4821 3901639251
1 3326 1763389937
0 4005 2370919699
1 2494 4075903894
0 1745 3972337817
0 1071 1200071122
1 326 3048760773
0 273 359602638
0 2312 1464740562
1 4088 982288699
1 3270 1128620330
1 506 1597905320
1 4406 1088082051
1 3274 2180903099
0 1427 62877766
1 607 3346384013
1 13 2136364128
1 4943 4112454140
0 1002 301925597
1 4767 3634180283
0 4807 2222440431
1 2965 578184811
0 3738 1600297895
0 1169 2079869100
1 3053 819669812
0 256 2927342981
0 4434 2411868478
1 1213 490536807
0 2248 625062055
0 2010 3701080837
0 2012 677482124
0 2718 114500657
0 4083 981207936
1 950 3804551567
0 4305 308883293
0 3710 487307893
0 3969 1463041489
0 1709 85625370
1 3839 1598238989
0 3314 1690319048
0 2968 1282358825
1 215 2459761134
1 4827 120329583
0 1598 3581475078
0 1043 1577465309
1 272 673115918
0 4231 3604928756
0 3468 3680565472
1 1463 1496032862
0 1686 3383265652
1 3292 3973356524
1 1639 3979921736
0 504 2064980144
1 2644 4032606092
1 2648 1272080696
0 4149 2244094766
1 3719 4244421831
0 3772 445892950
1 3550 1517364266
0 1806 3382076432
0 3242 102696078
0 808 2185232449
1 890 1103992932
1 2455 3764014581
1 2702 4083842178
1 3796 381386571
0 3987 814365483
0 1731 293885630
0 1078 548177538
0 1522 3748813486
0 4942 3188304553
1 1170 2276142196
1 1951 3179137178
0 3940 3207273926
0 3511 3633681992
0 1942 2740063922
1 1837 2017834766
1 2371 2733060701
0 2524 4046837563
0 460 2968325426
1 2265 2496740878
1 2700 1171135059
0 4554 4194591125
1 4965 3295910993
1 416 2588615303
0 3802 3859326473
0 1518 3526611073
1 465 455877918
0 4632 1145227031
0 4700 1372251945
1 1211 3748129646
1 798 3885468147
0 2361 3248053312
1 3205 1114922655
0 2743 1628699598
1 2460 13907175
1 2769 304023321
0 1767 3169847453
0 2098 465271097
0 2186 3115034076
0 2946 1499051462
0 4271 199897500
1 1305 2347708144
0 2799 3333200725
1 1627 783532426
0 924 3588396748
0 1683 1306687628
1 2102 1441639384
0 1967 1271471344
0 4691 2716338956
1 247 4224816997
1 228 1308731850
1 3576 2270421252
0 4091 2349249578
0 1589 3491294077
0 2297 2497248042
0 4859 601517090
1 841 4278861289
1 4284 2311373551
0 3604 3802684841
1 307 2810520741
1 909 3410488197
1 1473 2782750195
1 2320 3005965669
1 461 2658656574
0 4345 3042678104
0 1725 1016865812
1 1945 2111161744
0 258 3335497207
1 2224 4007878358
1 4314 594033094
1 2143 2757318016
1 4629 3870906108
0 190 2990186256
1 4028 1483273680
1 1158 1073873554
1 4544 3053840945
1 2603 3043893778
1 3462 4129664320
0 795 2124108557
1 275 1298811339
1 2850 3746070306
0 2190 28854417
0 2054 2614809190
1 3626 740780092
1 2725 3570084374
1 4126 412586055
1 1427 812072232
0 1249 2363707763
0 2649 3154589200
1 384 2673585056
1 4351 1933801908
0 2661 666037007
1 3597 3938342825
0 1107 309036709
1 2193 1816746305
0 3327 876011514
0 392 3890812377
0 3255 3786053381
0 2548 2066254802
0 245 1387467088
1 2430 2476683555
1 4361 1049177305
1 4254 143390877
1 2613 80691561
0 1656 914082305
0 3970 1931512885
0 4836 3126766977
1 3180 1167358647
1 1550 509198861
1 3524 689381038
0 2889 2918677724
1 3830 39328615
1 656 3605599970
1 4875 806642000
1 3074 3625830248
1 486 4061253631
1 4800 192116945
1 56 357623891
0 3474 529437486
1 4516 2495719752
0 3068 1231941433
0 3159 329321219
0 4106 3587847417
1 1762 1420488059
1 2420 1135742980
1 894 2151690201
1 1590 4166388351
0 1420 1554291496
0 1477 4091081342
0 851 693174815
0 3134 3132310460
1 1536 2760511436
1 195 1063500498
0 3243 4199397724
1 4857 791524657
0 3957 3837728332
0 2433 4131386607
1 652 712628922
1 3433 2064402994
0 3410 1167386126
1 3855 3280248745
0 4884 1837555678
0 4644 1240674606
1 4225 1332840613
1 2654 3231476324
0 954 1508856714
0 1878 2494129356
1 3282 3433475558
0 4850 3082327555
1 4332 2959845076
0 3172 3000679816
1 261 4254502564
1 4857 3360987120
0 3088 221804955
1 3221 3215547933
1 818 1426777771
0 1561 3635450286
0 1408 1790676566
1 127 866969607
1 1428 43843691
1 940 705195372
0 3738 1789918798
1 3062 1827316546
1 3991 1395368926
1 2345 1750393987
0 2813 1545371282
0 1128 4280946461
1 4020 3488151711
0 1746 897032347
1 2369 266984
1 4594 494553322
0 378 644600476
0 1485 228695479
0 2802 1505056709
0 1333 2936457565
0 2481 4028702738
0 3631 1463886435
0 3184 819392199
1 1892 2120107544
0 1969 2451250152
1 3759 1833237280
0 2490 506136199
0 4382 2846369904
1 4668 1166323904
0 4691 1162333944
0 17 3532590655
1 2072 2348818191
0 3426 646885609
1 1852 3955565320
0 4374 964947202
1 3580 2899559747
0 964 1299685746
0 4570 3199235481
1 406 4216327664
0 2110 2088263511
1 2825 84118700
1 167 1990677413
1 1305 740585564
1 3659 3405396641
0 2686 3312955724
1 4355 1120212683
0 362 3221776484
0 1994 2200675025
1 1906 1708045780
1 4567 3560731550
0 1602 3132429884
0 4116 1393546766
1 4168 176331860
1 1028 1232047707
0 456 1839981365
0 4876 1934593525
1 3505 74762293
1 4412 180435426
1 2437 3504195454
0 4189 9899610
0 4837 2190634801
1 995 3839403241
1 1285 3344731576
1 3890 354182394
1 298 3555892362
0 2865 3396854153
0 1480 949637773
0 214 2514504422
0 1763 4160692203
1 1668 472337245
0 3423 3544856124
0 1334 991850954
1 1224 3655225976
1 1954 1990188344
0 1428 3380718497
1 2054 3528541286
1 3170 2722566877
0 1378 2501223893
0 4179 2706253336
1 3098 615006181
1 4365 3552506848
0 1455 2507634422
1 4644 3190644633
0 2887 2744422671
1 2653 3335717906
1 3160 2502295861
1 3265 1040343083
1 1599 4053836022
1 1157 1731883085
1 1035 2557973687
1 1796 350759113
1 63 1793526848
1 2039 2773284590
1 1535 3540565019
1 356 1373211331
0 3063 851112753
0 3620 1482567626
1 3145 1533070761
1 4710 1833954179
0 1199 2027765152
1 4983 3898500894
1 2181 862457794
0 2271 666810579
1 237 2670696833
1 1749 375102646
0 4616 1531172749
0 2461 1831369348
1 2499 812160272
1 4957 3641005722
1 3674 1279440839
1 170 1975977707
1 2174 87583990
0 1663 1731940259
0 4294 4130424080
0 3708 3497144718
1 3657 2365034673
1 1779 3958055063
1 1841 2905957314
0 3732 1326834822
1 4724 550701949
0 2127 2384720734
0 2894 3072592433
1 342 1432363
1 1806 1979841935
0 3022 3192975118
0 1473 3590205735
0 2558 2159336822
1 3642 1845018597
0 1951 2061525038
0 3741 448643869
1 1632 1031696671
1 1357 2450883769
1 1739 4185467136
0 943 1266624180
1 3079 2004970865
0 4600 108037210
0 4923 3536857361
1 2724 1350891533
0 4469 3866718463
1 3891 498984501
1 324 2406712351
1 1468 1282792547
1 919 1023256553
0 908 440774460
0 2887 1504299134
1 2217 1069176031
0 3670 1652375035
0 3793 1206929491
1 1300 534822274
1 1657 84268927
1 3375 2926939603
0 327 1955556658
0 4538 1522074406
1 4220 4110863686
0 2767 1034526624
0 2806 1258398403
1 4504 1851725645
1 2118 1439986752
0 755 3004197203
0 4364 415230997
0 1868 870814509
1 4584 3607832079
0 959 2112385014
1 3364 3325223844
0 1250 75931631
1 1916 868110524
0 197 1425828686
1 4125 2234399593
1 300 1140994342
0 898 3091132420
0 2552 1059820411
1 2798 2349554967
0 2681 776747487
1 1180 3728202504
0 2281 3410015450
1 1431 1999787258
1 1507 2132711599
0 2911 1690875942
0 2057 1536082541
0 4278 1882474397
1 1808 1091114252
1 272 1417403892
1 3670 3405351932
0 2685 648122669
0 1746 398943305
1 1122 4085410157
1 4874 3746912323
1 1952 1215514426
0 4471 3039863595
1 3549 3223607824
0 2625 230845032
1 287 2047658199
1 4960 1908132565
0 2862 2434166509
1 366 1633985593
1 3679 261779090
1 4495 2511494718
0 3378 1660569261
0 2347 3290701990
0 4099 1963156706
0 4591 3794569768
0 3761 3629256043
1 2606 3307838166
0 4215 1084177368
1 4789 765839017
1 1654 457480341
1 3428 1846910437
0 3977 367355373
0 1792 1841775392
0 2040 1784967266
0 968 1791672400
0 4552 2996929430
0 3602 844878214
0 4725 2697379234
0 4841 2202209012
0 1329 953521674
1 3443 1850634595
0 2300 2230777062
1 3617 4154443241
1 2640 3564674245
0 54 3338551705
0 2608 517007403
1 4322 429213963
0 328 2901732105
1 4741 711416
0 3170 608519465
1 1655 3099318856
0 1395 2367644464
0 1627 58857943
0 467 1775615409
1 1911 467200863
1 2513 957569420
1 2258 2047827154
0 4089 2133843234
1 3654 1584586226
0 240 3992086279
0 3518 1344741657
1 714 1602203617
1 3104 999405740
0 4025 1995167449
1 2042 744619504
1 292 3520809376
1 4927 648410949
1 3397 3323070309
1 2047 4267694729
0 2980 76003725
0 1255 3951890278
1 3488 2084035357
0 2028 2674811795
1 2799 3628811960
1 4585 3363601390
1 3122 322662701
1 1585 2403639935
0 4608 3551549561
0 929 2703577046
0 4288 1996033340
1 118 1915444914
1 2508 4208415196
0 2840 3560161905
1 1985 2725196458
1 1370 1337402769
0 4740 3001102006
0 578 996671112
0 4827 1159643453
0 2543 4033188685
0 2398 4080100206
0 4098 3608054125
1 1025 1685953648
0 528 3452817517
0 4554 425229101
0 2335 3734563478
1 3729 3217343406
1 139 3440171940
1 4067 2668116232
0 1289 3567094486
1 2210 1801223857
0 2905 4183358208
1 4199 1712500703
1 2640 4171030450
1 1140 3866009312
0 4905 3342486995
1 1570 16490262
0 4697 1742128662
0 4428 1331522206
1 634 2645192184
0 728 1168862222
1 2343 2572608196
0 3 194433471
1 4016 539351184
0 2530 234221144
0 3008 3905458438
0 4401 2450553712
0 3793 1985609987
0 2545 4139287339
1 1898 2117883554
1 2984 173447538
0 2304 2476408788
0 2309 3965884562
0 555 46863579
0 4108 550328668
1 4453 3038350881
1 1693 3823510719
1 918 1241989160
0 756 1222843475
1 357 88756957
1 2196 130489184
1 3516 3249573032
1 935 2580735217
1 1692 2934305312
0 2705 630647322
1 436 3082077598
1 3900 776269396
0 4590 695843229
1 927 890782353
0 1857 487459486
0 4076 3808957898
1 4679 277683304
1 745 1892121669
0 2727 245874484
0 4632 1814829732
0 824 1918596202
1 390 4061191687
0 1619 3443832561
1 3219 2616648944
0 4381 1436661813
1 877 4058386551
1 726 75261647
0 4124 1443087620
1 4523 1189494931
1 3198 651729513
0 3516 1899472730
0 2474 1415659579
0 4956 390888213
1 2111 2730705190
1 4328 59825307
1 4615 95538633
0 2198 415400365
0 2125 1194931569
1 2236 2599940535
0 3299 2616797496
1 1063 249743064
1 4505 1011870752
1 564 321637913
1 2581 2924771793
0 1691 2346962369
0 1946 1296790633
1 3173 934019562
1 1209 377718932
0 216 3162035107
1 1481 4234197139
1 4798 2183105112
0 4203 3759176614
1 815 3320189417
0 4780 3346408807
1 3058 2334344784
1 2506 1186592502
0 2108 1695819437
1 1114 2227954845
0 4515 2667866850
0 3533 2838432937
1 1612 2427965117
1 3780 2779832890
0 2563 471385009
1 3832 41395113
1 840 373185386
0 3600 2329133896
1 3614 4174694282
0 436 930959711
1 4599 292864900
0 1793 1544111071
1 2464 3536470234
1 3409 2533171154
0 1278 3158357040
0 2524 864791558
0 2285 1404387833
0 3641 3116995355
0 2213 3418814438
0 1592 723865587
0 2294 3140699651
0 3829 235567491
0 3491 1327313873
1 513 3133713419
1 480 154660429
1 4047 1905099765
0 863 1584495772
1 4644 2379480515
1 2011 3518309001
0 2127 3175915766
0 2269 3437827299
0 3354 1342509529
1 3360 1924203167
0 2292 2303591700
0 1355 142825122
1 3468 2723706748
1 1655 3025181029
0 3463 3866242762
0 872 250216691
1 2492 1650001476
1 1098 3323650275
0 158 1062983346
0 3537 2663278023
0 3405 2938870495
1 3396 1629901091
0 203 2493446191
0 179 891748910
1 2565 1580541262
1 4969 4253615281
1 4614 485525035
1 4882 369919867
0 2274 2219270653
1 3808 1119648694
1 2799 2564721733
0 3592 3840672718
1 1418 2693112529
1 1550 127658663
0 4603 3168736488
0 4978 720875362
0 4477 1788851884
0 3911 1569390749
0 1169 167113988
1 3979 1778748694
0 1567 2383948933
1 4978 2200377905
0 590 2786072356
1 433 298858978
0 3563 1653480667
1 1789 3216021645
1 547 830362261
0 1271 4076602075
0 3512 1823839601
1 605 449888114
0 2966 590451145
0 1351 2124763830
0 2689 4096651459
1 4362 2693993312
0 1047 2246186765
0 1467 4164669750
1 3432 930307235
1 2251 3772015047
0 2819 2212943038
0 2480 3295974379
0 4027 1503853029
0 415 610544011
0 3452 1941476440
0 2997 3394257401
0 2413 1202589983
0 2276 3326573644
1 3905 515470868
1 2791 3376388284
0 420 2489415642
0 2731 791106025
1 3915 4205362947
0 607 4133621480
1 3194 3040975523
0 2489 3224548668
1 3430 2826794380
0 239 727706882
0 3211 1880774842
0 1198 1399886309
1 3997 391218837
1 1592 2095904675
0 388 1818776358
1 2008 3373086634
0 2711 3195884042
0 519 2550516603
1 4158 2698820796
0 1561 1351033656
0 2698 1553723897
0 1997 2494426112
1 3998 1451715872
1 2519 1764315758
0 2176 617720288
1 2245 2794894900
0 1023 1320741590
1 4108 2841745752
0 322 1154995466
1 3764 2583559043
1 409 756729325
1 1551 2680333842
1 991 3268275603
0 3720 2350115349
0 3389 2792788298
0 2766 1453150982
0 1446 740938014
0 3248 4037927763
1 669 551266024
1 2858 1627630542
1 3135 2020269350
0 1122 3918565472
0 4029 1995005588
1 2066 2796136671
0 852 3155922963
0 2764 4147112046
1 2570 1792735090
1 2601 248592996
0 3103 1777373602
0 3991 1662537472
0 4017 3417148057
1 2658 4183009492
0 2353 798528347
0 2377 2388022995
1 3536 1813910048
1 4934 2279473202
0 3689 3870781302
0 1020 1071855411
1 4113 4052458666
0 4349 2781158940
0 3166 132640338
1 2394 1107159894
1 3703 4247957518
1 3193 1063983005
1 4002 2105570092
0 2615 877658809
1 3454 153682563
0 1335 15655514
0 4036 653197897
1 4057 3478714033
1 3765 210014559
1 2195 3921178745
0 3228 3450724501
1 4880 2253506641
1 3667 3545076186
1 447 2574418680
1 2563 35429896
0 2139 4261721820
0 1528 997666472
0 3298 652296
0 4549 49933285
1 91 836972878
1 1608 1920215818
0 449 2602022378
1 4561 3903396155
1 4551 1224128175
1 2465 3142464853
0 3073 2574003450
0 1460 575455870
1 3429 3741724274
1 3160 1015685677
0 4084 926052137
0 3138 2820311590
1 1167 329088175
1 2552 3795422502
1 2124 4053814018
1 3405 2940968827
0 1019 2902258524
1 1573 3106691019
1 4652 3284816963
0 1254 3088873275
1 3506 4232492296
1 3420 3897009033
1 2425 1051075908
0 827 2295149842
0 306 2797429856
0 4099 676362344
0 2046 3954863870
0 4163 3724737911
0 409 450548981
0 1051 2549655289
0 4169 2667936561
0 134 1694966440
1 645 2044898117
1 4043 2240834889
0 826 1861942126
1 1195 2437296985
1 4249 3338687991
0 932 798347254
0 2446 528759450
0 4189 2796978783
0 3938 2055306527
1 4321 3941980383
0 475 269488443
1 4473 335210296
1 86 2842645483
1 2958 1074385594
0 18 680882096
0 4057 5983082
1 2240 1288888404
1 4055 3417201047
1 2643 4156536298
0 2007 4215298833
0 1164 4156094005
0 29 4136578933
0 1040 4269531926
1 1183 2937691794
0 1047 2229487121
0 1486 2304949861
1 2366 1602802065
0 3289 3601566364
0 2542 3176523164
0 860 3031920543
1 3281 2446103970
1 1068 843577115
0 3296 564208081
1 160 3308165630
0 665 2455661638
1 1065 2897205727
1 4993 2246387962
0 2447 3951158960
1 1569 1503393545
0 743 3872962110
1 84 1643345718
1 31 385476561
0 3481 719042735
0 394 3776579471
1 2095 4226756580
1 4030 3631071729
0 4646 4239897929
0 2676 2541445718
1 2631 3309555196
0 1574 466817343
0 4572 1781770606
1 4887 1946185207
1 2990 137432715
0 2954 3365146667
0 4621 4154448006
0 1212 2950818957
1 4798 2925465619
1 1197 3244955111
1 1999 3237537240
1 4685 224076574
0 1511 316379161
0 4551 860231214
1 232 188283695
1 1605 4243709438
1 3413 1234076110
0 2553 1532169895
0 1133 1179930044
0 4259 2906664212
1 3065 2721952731
0 796 1621895437
1 4718 895814167
0 2150 1457787188
1 141 1651644432
1 2376 3917474146
1 2261 1807376158
0 2818 2918541957
1 4840 1152546627
0 3652 2748415353
0 1220 545963341
0 2176 3205717276
0 596 2299377935
0 2023 1446321899
0 1227 444288029
0 2767 2244406828
1 2678 1807966625
1 4926 2936853141
0 2557 1855775542
0 951 3611160294
1 3151 3443113216
0 4600 1565948789
1 4173 310377376
1 414 1689197355
1 2668 1247664935
0 2984 425214261
0 2344 457892321
1 532 2919119482
1 3207 1304996849
1 953 1233142326
0 2402 428550921
1 4210 3668961289
1 2 869143030
1 1507 93087454
1 3528 1201203063
0 259 2125512179
0 3709 179458792
0 510 1619023698
1 2552 3646948552
0 2606 310526785
1 4018 3792003530
1 157 2936351421
1 3827 3615990996
0 4411 340783322
0 914 1145479811
0 4641 40076588
0 332 3486080822
1 521 3440099150
1 4541 1687969721
0 4395 3167831228
1 97 3490649509
1 443 1071238341
1 1361 811903940
0 348 469443835
0 2772 3019543885
0 3578 1840436624
1 4434 3714916059
1 2933 4242348462
0 2924 1944012404
1 1895 1362088315
1 2942 2427234512
0 3444 631423726
1 203 3221980040
1 2650 1289769188
1 2295 136404109
0 3283 3863379328
1 5000 3077783566
1 3635 3852303169
1 628 2511335230
1 4229 1995518018
0 4094 3145127850
1 4196 3830604953
1 2196 349573788
0 1845 1793619502
0 3753 3957788383
0 1157 2578557921
1 3898 2036637928
0 3573 2272123852
0 4770 1748469123
0 4712 2649228771
1 41 1876765983
0 1906 3982427399
1 935 1240914737
1 3422 2711618037
0 4674 2629463705
0 2936 1755476830
1 2606 1646918246
0 3855 1950909556
0 524 812655712
1 2748 1217885986
1 2581 1808030734
0 3438 3975605616
0 4670 762460035
0 4143 3580484207
0 3199 1200517764
1 3255 526436487
0 3427 1588643817
0 2151 1980530427
1 721 1196978259
0 2340 4154368930
1 196 1423642057
0 44 823138238
0 2512 1881329149
1 3736 3630423234
0 3887 1949460751
1 3876 1706710048
0 1197 3816344564
0 1161 1801297701
0 2025 3714188200
1 4227 3243930270
0 2533 4271244230
1 686 978237377
0 172 3412883733
0 877 2850054351
0 1713 2321189031
1 4023 901868873
1 2225 45671953
0 4071 141152006
1 1095 584694992
0 117 1539180416
0 3984 2620152527
0 2171 3018046726
1 4205 2623442383
0 4298 1576883805
1 3275 2772674648
1 2880 2622914497
0 2461 544982836
0 2265 4290248540
0 2899 110907512
0 4006 3794251715
1 4417 1602716581
0 2292 3368892451
0 1939 3555726307
0 4978 1778330856
1 4590 3314810490
0 2254 2613682308
0 2141 1024305516
1 2859 3245175127
1 482 2745437660
0 346 3803795987
0 3583 1217215532
1 790 3017096876
0 2813 2131787322
1 4189 2332915834
0 3694 1627703172
0 3754 993284324
0 2926 1658054546
1 1960 3804216044
0 4277 1675757712
1 925 2199250513
1 3181 2067601718
1 2163 2120447621
1 3605 2749067060
1 4764 83012875
1 3737 4190943674
0 3092 916538952
1 85 3652976973
1 2817 2216604045
0 1168 4095469401
1 3485 3323616920
1 4996 746005420
1 1974 496953312
0 2020 1483106548
1 4375 3992116238
1 670 1712433238
0 3402 2441540303
1 4674 2008230444
1 1673 3877749507
1 2513 540306232
0 1345 1984164696
0 1739 4093006156
1 1933 163626779
1 1475 2051740600
0 2163 4239826058
1 3717 1412989866
0 4724 650543399
0 546 3251547462
0 48 3977078487
0 2668 3492927569
1 1747 189451934
0 3651 4203259766
1 928 3638416342
1 3722 3236562465
0 3494 3754130825
1 4723 2595116888
0 1700 1530756148
0 1973 1382479734
0 298 2910796790
0 66 3488188483
1 1725 1817400120
1 2431 3751995604
1 136 2660878497
0 1123 1991174879
0 2676 1209719919
1 4472 4290209123
0 1470 3666218036
1 1257 1397617317
0 1801 3645947057
1 2974 1587958164
1 4575 2852082533
1 3691 3507520340
0 2614 3442174783
1 2776 3548846415
1 3829 3121256568
1 4961 484934807
0 610 2766013701
1 1494 4103912047
0 716 3804580907
1 2859 4272923960
1 136 2114221273
0 308 2733432021
1 898 1662880319
1 3613 1151942730
0 2925 2621948262
0 4208 3128032297
1 3299 2270735067
0 3141 1652285834
0 2797 3412850489
1 4515 628999200
0 1881 3026069256
0 1125 2249334909
1 183 960428483
0 1158 444291769
1 3578 3795063330
0 3191 3811407558
1 2345 960879164
0 1895 2652994590
0 167 671348003
1 1575 2323307608
0 3874 848579886
1 440 2091482583
0 1780 915938554
0 3256 4209182177
1 1053 2997990159
1 3751 981692274
0 3876 609313075
0 2345 1309238645
1 3803 2559049262
0 4721 571268926
1 288 1022517437
1 3868 1151063354
0 1617 2789073431
0 477 2835057937
0 3259 2537005943
1 952 3542316182
0 1273 2803931074
1 3257 341214879
0 394 4130318313
0 2303 3316555238
1 3746 3230881369
0 2855 4209782794
1 3667 4156132268
0 4527 3720877926
1 4287 2346344034
0 2995 1307776995
1 2393 1556438141
1 3548 2530409256
0 1865 3677876738
0 304 1986033279
1 2299 2131837327
1 1996 2406773878
1 3699 1058053714
1 2537 637229785
0 2231 4152472729
0 779 2089126341
1 1740 1401887089
0 3511 3035391134
0 1652 1140143878
0 1702 4214344997
1 280 2062456909
0 4272 3668753157
0 817 3611568133
0 2979 1180262531
0 2315 2026858293
1 2163 2545132122
1 1516 2332286683
1 3671 3684966564
0 1440 3157924916
0 1719 1737280936
0 4254 897301998
0 3993 223075470
0 3796 2920251192
1 2089 2737010890
1 3949 376410026
0 1686 2593455100
0 1444 737642340
0 3453 4183269613
1 1458 945284355
0 2025 2708190889
0 4437 3262343151
0 1801 1779956343
1 1156 3961519419
0 4454 1512417286
0 649 2248332681
1 1762 4072772397
1 493 1541886499
0 1012 3388070117
0 4921 795722061
0 4039 3113196867
1 4660 1459378859
1 4920 3640794901
1 1173 3939148687
1 47 1644800792
0 4136 2048960064
1 4084 1306189894
0 343 2789385941
0 2050 2696913641
0 3179 1069036595
0 444 443778405
0 2896 1308607628
0 725 3320547222
1 1129 3075748005
1 4994 2766914078
0 550 2593404083
0 824 3600628801
0 739 1775094128
1 419 3805154540
0 3245 1244510198
1 3652 2201203350
1 3339 2734234558
1 48 1577468571
1 377 2170862687
0 1515 1908679434
1 3545 2702952671
0 443 2075589292
1 2411 195513969
1 3874 143197425
1 2390 3870952365
1 1269 2612010511
1 1434 3030726430
1 1102 3843982417
0 953 4148534382
0 3698 1286165383
0 331 106871806
1 3058 4170975802
1 1534 3134640484
0 1778 1581934485
1 4516 1948375589
1 4171 101427914
0 4134 3029230018
0 4209 3804247889
0 4938 2852954462
0 41 33477579
1 2724 2834311977
1 3157 967630456
1 3175 2257952882
0 1141 2497842700
1 1877 2963355012
0 1187 3914356862
1 842 2504914135
0 3361 57485989
0 3036 2816069529
0 2714 277134951
0 3078 2195216589
0 3391 716528842
0 1753 262891866
0 4097 3096844641
1 1949 1014118220
0 4890 2378083992
1 707 2268651955
1 4418 2998542666
1 4282 2862469981
0 2079 2409590401
0 3255 2977301265
0 415 851487419
0 3157 711284576
0 2295 2833831985
1 189 2395763802
1 449 3669365490
0 2104 1332037144
0 4471 2238789452
0 551 4160786022
1 2986 769331355
0 4927 2663032530
0 670 3446023467
0 2627 1534591440
0 4436 3124391497
0 4060 3803275649
0 1465 3960256929
1 4119 609081586
0 1384 1616755138
0 2907 3681184792
0 4972 115076263
0 695 2947609067
1 3371 3460758102
1 4598 1759785149
1 3190 2168839624
0 927 2977688872
0 1502 438311836
1 4238 1515168538
1 4744 2705848461
1 1455 3660118839
1 103 30569202
0 1695 738988967
0 1038 3205280163
0 2575 1789340304
0 177 2105148637
0 3882 3280757997
0 4488 3285247441
0 3517 2883471503
0 705 1714556148
1 3611 1139460822
0 4142 1436683087
0 3762 2631339466
1 844 2161931147
1 4579 1178971801
1 1243 566210749
1 881 2736757287
1 4710 1821755476
1 2002 367444442
0 4884 1517013642
0 762 3897721798
0 1765 1767347001
0 4978 2625324345
1 4159 2727661664
0 2110 2897570620
0 3738 2210587127
1 710 1612025615
1 1525 2515242715
1 4000 225212198
0 4827 147242624
0 3734 1118409334
0 3853 3341392539
1 506 2452037289
1 4000 3844995188
0 1637 2031024802
1 3980 852028070
1 3432 4015599803
1 161 2888891861
0 2514 3967913448
1 237 984363135
0 3421 3561371413
1 408 2523759654
0 2743 1992846261
0 809 2403394825
1 4132 1845191594
0 209 2341851918
0 563 448343595
0 2376 4168248946
1 672 321537484
0 2404 3272895509
1 153 3062664298
0 1662 2495082267
1 2696 2240355715
1 4172 2410719367
0 927 1754413036
1 2044 2528787043
0 2742 4070242096
1 3574 1591039895
1 4694 1243786737
0 1103 2594194472
1 3497 1092176705
1 4646 1378387247
1 2954 632225026
1 2385 3614950283
0 4432 3382186819
0 4333 4032981506
1 4789 464329678
0 3986 1315963779
0 2135 611672379
1 2861 3973039420
1 2866 2024839458
0 1576 3315927843
0 4173 3130417048
0 4738 1776846005
0 4844 2308736206
1 2816 1049264217
0 2411 3799655921
1 1393 2895619457
1 1226 2114068860
0 2797 2438274671
0 4060 370009022
1 1248 779571560
1 63 184135934
1 1533 3538264357
0 71 1142570195
0 4555 3104523161
0 2802 2335475673
0 3949 1725386192
0 4355 983384822
0 191 4046300888
0 1557 3847541457
1 221 3539313770
1 2889 3961922489
0 3917 1114999247
1 77 862846317
0 3032 3353893842
1 2069 613115849
0 3115 3705975684
1 3670 264206710
0 741 4018513336
1 3408 1637349013
0 780 529257823
0 4937 2996973415
1 3927 2141771268
1 1669 2324443427
1 2168 3906775985
1 4088 898779622
1 1147 4247378604
1 3675 350784311
1 4428 952224033
0 4964 2292498073
1 1558 4168627486
1 3714 485031096
1 3357 3977321153
0 589 2608085225
0 3880 3389972867
1 4090 4053146369
0 3230 1803327029
1 1960 939413568
1 589 2142781148
1 1331 3611112241
1 1356 1595729509
1 1875 3903589101
0 2196 142028739
1 1966 3681611857
0 316 45762572
1 2049 854566036
0 433 2675960278
0 2889 1174343584
0 4320 4178300123
0 3586 2698827718
1 127 380888943
1 4714 1997378785
0 3393 724956149
1 908 136856167
1 4465 913274456
0 973 3556884393
1 505 4075659497
0 2946 1340585756
0 2524 3279063022
1 4104 1107899952
1 1114 1648387219
0 4734 298501361
0 3404 1988066052
0 1617 3602011682
1 1232 3940411795
1 3423 2191393006
1 3316 1411546629
0 2543 466938835
0 2091 178942781
0 4780 1498671646
0 2872 2543936690
0 4562 1397913271
1 758 3120251870
1 2736 1063260078
1 2006 2679253679
0 2600 2249156459
0 3922 235136995
0 3829 2799324878
0 4258 912244830
0 820 4199812915
0 4758 754896054
0 2410 4003562679
1 3031 157140964
0 4544 2773779194
0 3729 2755568201
0 3515 4235287636
0 4105 817245307
0 2385 1153445646
1 3164 1274233074
0 515 1768215694
1 4030 2119564599
1 3800 2322356371
0 1934 1968823598
1 328 2538980430
0 3930 3207675801
1 1930 1746935994
1 4024 2368740904
0 109 2681566490
1 2288 558658340
0 3820 4280887072
1 1027 1785285649
0 2494 2263199005
1 146 1607147212
0 3676 3200801899
1 4892 2031374209
1 1172 999550768
0 4647 2106285794
1 440 1334402072
1 4852 2020079865
0 2524 2319480901
1 3193 3181559636
0 78 3229665361
1 2428 3036672633
1 4196 1937539430
0 3334 2582072020
0 2757 3617929656
0 1404 2291640028
1 1111 4285003340
0 2607 2727544193
1 4162 151306921
1 4615 3175600768
1 875 3615754777
0 3304 3091309018
1 4484 2690929639
0 3959 433879357
1 3263 146776433
0 3660 692909184
0 3352 2545700406
1 2971 1484139301
0 2762 2261586536
0 615 1959770469
0 3397 4139721602
0 2103 413597172
1 3120 1516409834
1 1178 2334698375
1 1598 975069373
1 4527 1165811124
1 4615 1925498338
0 1643 3683500318
0 3958 2868244444
1 4483 4016294265
0 3991 2487718711
1 3052 2223462739
0 3909 1630555646
1 301 2473986921
0 8 3322626822
1 472 2229653910
0 3848 499473766
0 1587 354222566
0 3717 1733552485
0 1671 1212660875
0 1469 1636253347
0 4175 2835377550
0 1502 426787021
0 4364 3949329188
1 4288 660959271
1 1178 3526411737
1 1623 3012024678
1 3241 2558533561
1 4625 2203225049
0 2081 4030141844
1 3822 3155850509
0 2250 162112295
0 2679 1333460224
1 2478 1024537846
1 1663 3626717470
0 4096 1685597413
1 3606 3964345704
1 4851 454789095
0 3462 445607457
1 3842 1920861571
0 1489 2386799588
0 897 4107944904
1 3372 3844303660
1 4407 771664158
1 2303 1342703041
0 1588 2025837507
0 4856 3718018723
0 1236 2238706362
0 1813 2019480821
1 2093 2929907583
1 4358 3966164870
1 3944 142043594
1 3435 1263541069
0 2280 472214618
1 3978 1587448815
1 2983 504373461
0 2558 3471955370
1 4987 2633093517
1 2873 13525807
0 1003 1762307353
0 4506 1206563789
0 2756 2159451438
0 965 105263310
0 3486 190058578
0 3346 1248270937
0 3160 1423583091
1 4151 94682827
1 126 3399245852
1 1211 751449523
0 644 3225008653
1 1001 1665958210
1 1365 1805767100
0 4995 323281369
1 2326 3661048690
0 961 1679906849
0 2092 1439405623
0 2334 2904831819
1 3379 5890976
1 4756 1176042544
1 659 1402165195
1 1221 3222808790
0 4048 109859042
0 945 2112331701
0 1705 1683614170
1 4853 759012661
1 1024 3091107941
1 1190 1534465677
1 1784 2540758231
0 2825 67628889
0 1677 2898818709
1 3824 4087193457
0 3926 598627471
1 1819 8739881
0 2630 1988746459
1 242 3457187370
1 1240 3722779032
1 1848 2269584679
0 3750 1472844098
1 3165 1618201969
1 3244 2178130653
0 469 1542423010
0 4567 3416913115
0 3265 1120564935
0 1662 1652776180
0 2272 2326552649
0 1464 2243125925
1 889 1237717675
1 2356 3796181383
0 3995 3455988440
1 4536 3705408354
1 1332 2254541758
0 2669 2008191776
0 1288 3838265006
1 2315 167735825
0 2477 46134194
1 213 1831924234
1 1004 1804679613
1 557 2043861894
1 1947 1975864077
1 2429 3027650706
1 521 33531958
1 1296 2410331165
0 1779 2250273635
0 4048 979513759
1 3671 3049031209
0 2172 680972962
0 1950 2444814206
0 1521 2128937177
0 26 810808349
0 2550 1325560296
1 202 2983866409
0 3789 698860785
1 1780 2018185644
0 2657 3069943881
0 4709 1320952604
0 1311 1229838378
1 2549 3085042706
0 3205 2816298028
1 2047 3230621866
0 3866 1078581860
0 679 3912814769
1 3696 37330118
1 3918 1464520888
1 1374 601123108
0 1657 2032101944
1 2571 4258847937
0 1565 3966992721
1 3786 2275264309
0 4643 2967086650
0 4251 1897090741
1 3267 3523012460
0 4887 265801793
1 3015 1071533178
0 1632 1035997348
1 3581 1783111197
0 2087 3353861704
1 981 508600799
1 973 3265067451
1 562 85291559
0 3823 3895537
1 3856 3673585715
0 1059 2653615901
1 2732 4034880659
0 850 3056858813
0 4070 4218662090
0 4029 522544397
0 1093 1419934298
1 2974 2740616160
0 4880 1953013360
1 4480 971084444
0 2147 218168420
0 3794 770611517
0 488 4281936787
1 2951 769370357
1 2722 2743319551
1 320 284888893
1 2256 1980758763
1 2909 412467256
0 1981 4128156144
1 4851 259222836
0 2136 3916898690
1 2569 1005274035
1 480 2522856582
0 1168 4004845074
1 2187 4202887251
1 69 2510467201
1 2151 1677067836
0 1682 729235251
0 73 835772019
1 299 3862536948
1 259 2808322217
1 1261 1221068864
0 2695 54423199
0 2948 2200838064
1 4267 238957402
1 2930 643721411
1 778 2983684816
0 2609 1072643101
0 1323 3228375947
1 3681 2249113943
1 2981 1648744896
1 640 3098008019
0 2188 4213552964
0 248 366980853
0 199 1649317790
1 1168 1563996522
0 2986 1701371351
0 4708 2744068746
0 3050 3349212977
0 273 761431955
0 3990 248812055
1 981 2092204214
0 1830 3631263837
1 3382 784550051
1 3458 418529375
1 4038 3576485057
0 939 211962907
0 1797 3609890430
0 1503 619771457
1 1086 1117069902
0 2944 2777544603
0 1140 4251147018
1 796 4119457544
0 4485 2666035682
0 464 886148115
0 4749 1175305030
0 695 903991712
1 2190 2298204879
1 2415 2732042421
0 4073 1868698337
0 4019 581470396
1 3367 2838276510
1 230 3253575003
1 1778 2434672482
0 2810 447580111
0 1810 557339481
0 4851 280217006
0 4882 2483796628
0 2445 1968660140
1 4254 2236442670
0 3113 3854567627
0 2241 1173739086
1 1875 1898364291
0 4397 2181055822
1 2683 620090673
0 2215 486457299
1 4596 549135150
1 4653 2737008712
1 4986 3249592377
0 4705 241682931
0 4007 2374773468
1 3421 726347042
1 2688 2375431804
1 1927 708211084
1 3147 1507696967
1 1057 567223966
0 4181 2218715805
1 2383 3755172077
0 3785 3628695163
1 962 2381454638
1 641 3340450565
0 4176 1226008770
0 4057 2721354472
0 541 6182021
0 1589 1375541515
1 883 3278492335
0 94 1443414757
0 1743 298495362
0 4224 390640618
1 3739 548163745
1 4106 2194658327
1 4211 1585833014
1 1170 1036098492
1 2341 369238875
1 2661 783953142
0 4379 354906572
0 3817 693937390
0 1381 965494962
0 2711 627139911
0 5 280765771
0 4538 2784886899
1 4688 3514239922
1 2681 2798184276
1 1903 3871344048
1 4109 1475864316
1 994 1081734495
1 4566 1855363409
0 2671 1453213126
1 4363 4066749766
0 4828 3049861482
1 3879 2898921246
1 2293 1935191739
1 270 3987788609
0 1083 4155443727
0 1037 696783793
0 4232 1100765423
1 4076 2636965739
0 2541 3001327071
0 3109 4087133999
0 2124 1057357271
1 4387 3566343349
0 2162 1266090845
0 3047 2282595688
1 2904 4155992468
1 193 1133528429
1 247 2242514947
1 4189 2117526670
1 4195 1542142093
0 1625 1147883567
0 1584 2585264560
0 3571 695297445
1 848 3925824942
1 2213 879367416
0 776 2973501137
1 3419 335867410
1 1039 4131680737
0 2943 3902368296
1 2482 2424216733
0 1460 1421203065
1 1219 232779051
0 2690 2510451394
1 645 3248385100
1 2183 3225850081
0 3828 2493760476
1 3724 1679778820
0 3136 598938838
0 3888 3492579017
1 2830 1556700825
0 1200 294904033
0 3502 152865910
0 4801 3091290670
0 4598 2451359560
0 4495 1355408794
1 1290 945284239
0 1867 1166484805
0 1442 2559848283
0 3849 3136301465
0 4295 3522759998
1 3885 2504868314
1 2642 883749161
0 2193 1677772565
0 1955 3291484936
0 3187 2607096504
1 1903 714197999
1 2384 540861403
0 4823 3142964486
1 4295 2346945193
0 3997 3569275303
0 935 1637385543
0 4667 4293808091
1 3183 32068558
1 182 1947470666
0 951 2099840508
0 4522 844617029
1 4428 3972379316
0 1274 3678192664
0 4270 2459445450
1 4988 1549901154
0 1487 1069813949
1 240 1582561353
1 2170 2576310836
1 1173 3497846044
0 182 2661989729
0 3463 3924855630
1 3221 1897847044
1 4709 2928016430
1 2180 3989199090
1 2561 3608355333
1 4709 1253531780
0 542 3901719491
1 569 3153712750
1 904 1587350167
0 3432 341357621
0 4265 3212805850
0 3951 3561209278
0 1664 4125026454
1 1569 1145319767
1 3737 4244185030
0 2769 3649311736
0 4681 1551041786
0 598 1032408656
0 2982 2528420147
0 1930 3344089716
0 1476 126168260
0 1491 2712839509
0 3022 3654973007
1 3904 776571200
1 1495 529209307
0 1528 2176301709
0 4454 120975545
1 2573 1364749379
1 1944 1016018239
1 2768 2209214069
0 4677 3191085061
1 1357 1493998880
1 673 1592199341
0 2728 2236569675
0 4607 570971190
0 3641 2403814487
1 859 376549686
1 3242 2652327721
1 1475 3797994239
1 870 2119919055
0 1672 1285420200
1 3740 440876189
1 4205 195127771
0 4292 246684371
1 982 921955821
0 4266 3622431636
0 4478 2003503522
1 3218 1347240083
1 4327 973985864
0 4913 593634911
1 1621 2019911502
0 1064 989241944
0 1981 2444480054
1 1861 595551832
1 2961 700072427
0 3953 2039667695
1 1268 2891192578
1 3601 3512596551
0 2070 3691422193
0 1795 2147594301
0 2943 3970186826
0 455 1199490295
1 3170 2727672106
1 236 1856633540
1 1623 3410775833
0 1879 3423409698
1 4384 3297218409
0 1452 3138747203
1 765 2880238857
0 4356 3625913448
1 1999 4113550719
0 2261 3628878134
0 2400 854251771
0 4 777690715
1 2037 3363882327
1 2857 2581243992
0 1405 1548715324
0 1250 2053278601
1 2841 514729501
0 1816 2221344360
0 1239 4288194684
1 3551 648850685
0 4087 814185778
0 4392 3164117565
1 4330 1486649408
1 2556 3189764126
0 3379 597735996
0 2666 70646525
1 3485 1060233738
1 3454 4036312989
0 1415 1668609567
1 3952 3500421879
0 1363 781870753
0 3605 3882142226
1 2907 2081016178
1 209 3254082916
0 3631 3712343735
1 1304 3819212654
0 3887 4074922471
1 4761 3215221321
1 2121 1687659499
0 353 2774769459
0 4775 2193915603
1 4155 3008577049
1 1762 2995746574
1 1902 2466406795
1 2440 2380495098
0 40 2982402971
0 4183 734107930
0 3329 2832765008
0 4932 3270924043
0 3460 3418923259
0 2081 1942338063
0 76 3954827461
1 2521 872612148
1 831 2552738513
1 551 368286788
1 2650 60556612
0 2497 1818694139
0 975 2738394102
1 2661 15955039
0 2678 1700258648
0 2581 353110865
1 689 1007926979
0 2764 2155510628
0 613 25012904
1 2772 3355334399
0 582 86633928
0 2081 3462900115
1 1251 710699161
1 2107 1883319751
0 2875 1077299958
0 2473 2392652136
0 3315 642143083
0 2854 1643745281
1 4335 2062768030
0 2844 938077366
0 1258 2765515320
0 1529 1413371693
1 4975 2686855963
1 1406 3985118488
1 4280 4155603569
0 2279 530654821
1 4644 3710744441
0 507 1673706877
1 4477 54152635
1 4124 1724089668
0 3848 648815136
1 3912 1387367251
1 870 3360036972
0 2021 4244018068
1 2286 3240813033
1 4367 4095471695
1 4692 4195379956
0 3648 724762754
0 4538 2561654591
1 2145 573327706
0 564 1287711444
0 2315 2375096919
1 1089 1164246861
0 48 2952400039
0 4310 3304350805
0 1468 1867910919
0 1846 3078302293
1 1217 2687733769
1 2516 2629128005
1 4695 4030644358
0 1156 1573467030
0 2912 4157418891
0 2056 1974109358
1 421 2728922121
0 4129 2886023889
1 2760 1316064564
0 261 3173163579
1 2783 3181140482
0 3733 2648055931
0 193 1954586246
0 1800 3880176831
0 4975 2766532027
0 192 2223055755
1 4295 2367458137
1 3977 1238784983
0 3782 2485448666
1 4905 1266476111
0 1369 240186807
1 2368 312880743
1 1094 1638711003
0 4139 3330293795
1 1306 1939117796
1 3475 1408722227
1 1890 478026544
0 4486 513131718
1 482 51004196
1 33 705789214
1 2810 3050504931
0 2828 3798676883
1 17 350827249
1 1781 2024276607
1 107 4102436236
1 4744 2525531164
1 4272 3581343237
1 2406 2112618905
1 3734 3333734962
0 393 2999076818
1 3596 1867989869
1 4249 734672453
1 771 3540373823
0 1314 1516814878
1 929 180959017
0 1218 724030907
1 4066 2000291334
1 939 3685152223
0 3232 3331154870
1 2558 2947680669
0 4683 1528057725
0 2244 3494042376
1 4613 1108258941
1 4469 1164888438
0 3448 1633524167
1 110 373855035
0 2540 2850837189
0 773 96445356
1 509 1470680723
0 3070 2427598047
0 2185 382291857
1 164 776786139
1 2197 2864460112
1 3723 524442159
0 195 2998893608
0 4730 3143979644
0 3275 3930591474
1 48 537505003
0 791 3549437519
0 4212 714792842
1 3165 980332079
0 387 3539759781
1 4969 2582142806
1 3749 3482883796
0 3211 791282310
0 1290 1587430210
1 2312 171883335
1 819 1134668518
1 4297 3853517215
1 1916 2571975318
0 2984 2438723759
1 2148 348959021
0 362 1650630573
0 3664 298148696
0 852 2985171892
0 3501 3594222875
1 2987 4067357959
1 3227 2982803801
0 1926 540321676
0 2266 2592180896
1 4735 4182697463
1 4527 3450083574
0 682 2807306027
1 1446 1659054606
1 1597 1897300206
1 4577 1801019994
0 3325 3885305302
1 1588 3995113633
1 3659 3236261562
0 1412 2812979807
0 1573 2112437498
1 685 2479348541
1 87 2200387814
0 1738 112611882
0 4795 3967414877
0 581 462410948
1 2273 1535826805
0 2126 2300291868
1 2511 100174762
0 906 3985773119
1 3322 4241502214
0 170 1809677752
0 932 2724440211
1 554 3518349436
1 2082 261021524
0 75 1528386224
0 3476 1946122417
0 1466 2587762092
0 4749 3428975196
0 527 2097808493
1 4883 1850032470
0 885 2406499129
1 4267 891618947
0 1505 3581308424
1 2376 2969042979
0 2798 4069292532
0 3441 2648393349
0 4044 3648142233
0 2411 760851472
0 946 4186071655
1 1844 2672911713
0 2650 2663106757
0 2712 4236128118
0 1564 1880250731
1 4802 1937534809
0 244 590034917
1 1621 3365776838
1 4210 3283218284
0 4475 2860868057
0 2335 4189913994
0 4559 2100438313
0 2346 591266968
0 48 2127421572
0 3634 748308355
1 1814 3167699058
0 1397 1328103238
1 3530 371325234
1 119 4135630483
1 3536 828612157
1 2762 2827940601
0 4706 3487130476
1 161 1976844581
0 3770 3051273310
0 2922 3431291638
0 4231 3984889387
0 1862 2012278932
1 606 3423481673
0 4434 2012283732
0 3932 1027667587
0 4462 3752634498
1 1938 3429498014
0 3278 1331313029
0 2921 1164304083
0 995 103308976
1 4852 2711050391
1 3138 877176707
0 4870 99528606
1 4661 169071600
1 126 1565137103
1 3080 2773477018
1 2306 2271885856
1 2488 2418913970
0 3024 738148617
0 2229 1727136496
1 3332 2556781695
1 3688 62001333
0 2637 1444411227
0 4730 2785650523
1 1501 3104675456
1 4064 2063777441
0 2781 4014816723
0 3610 801851638
0 2940 1805212773
1 3443 823926087
0 4720 3619154808
0 3156 17770547
0 3691 3249646933
1 4427 2358609497
0 3836 2293728683
0 3407 3643423794
0 236 3142159871
1 2991 2931622249
0 1673 4284649987
1 1285 1853090806
1 4301 1538825572
1 2549 2611445721
0 3038 1390030206
0 1312 3761614414
1 3450 2014163152
0 3011 361199005
0 987 2924420551
1 2332 3018488482
0 1574 2969279670
1 4922 619101982
0 3284 1436173400
1 1695 4282735584
0 3562 417338559
0 494 2706075602
1 4421 648941596
1 4211 3541002643
0 116 2752113196
0 647 3715841702
1 3891 4139692012
0 1971 3406905562
0 3409 2157553012
0 424 3841448583
1 3576 258168056
1 4272 30985775
0 2869 3559342408
1 4494 3748768520
0 3966 3630720976
0 4780 2967922005
0 2620 3216448533
1 1384 3116274515
0 2211 3525785123
1 376 2542541687
0 1861 2565231073
0 396 3792610807
1 4315 1742566537
0 2247 4068752776
0 3019 1299263887
0 3915 3350285806
0 4421 2810537356
0 491 3416772879
1 4990 883570947
0 4605 2069120271
1 4222 649412666
0 949 1285689231
0 3509 2949256582
0 644 4195779998
0 441 909187757
0 2625 2279973623
1 4765 677466341
0 2497 3285765809
0 3390 277190910
0 2207 2344046354
1 4371 269136733
0 8 2585316090
1 838 3158818025
1 4907 3210228229
1 3708 3296829720
0 2425 1781215648
1 2470 889405232
1 3008 1977403502
1 3967 3816325571
1 1441 2880900227
1 3016 4101311125
0 1058 2103440634
1 1804 1745649943
1 4572 2747618994
1 4149 3403150235
1 2488 3793007193
1 3321 2758187082
0 1773 3290071713
0 3018 603094026
0 505 1828418968
1 2853 147851454
0 1079 1384893176
0 2376 449174598
1 2436 1260021886
1 4451 10353244
1 427 1932127824
1 2706 216529067
1 1708 1832608558
0 1774 221858428
1 4234 3065250775
1 9 2582016840
0 1217 1109969624
0 4828 2183264384
0 1877 1624879058
1 4305 997772326
1 4947 2443852637
1 4506 1533385116
1 3153 603431852
1 182 1622176426
1 4904 531598390
0 1665 2649070720
1 1001 1100538949
0 811 2716213152
1 1909 2045293586
0 363 1902989398
0 3539 1457199852
1 1159 283873716
1 1996 2402235610
1 4971 3216065945
0 2145 2244103859
0 692 1813080423
1 2168 1286467808
1 615 211806988
0 2045 2675258514
1 603 795134965
1 3697 2709471000
1 4982 2592839606
1 1464 2088949352
1 1193 3936679223
0 4124 3700412500
1 3847 1808299087
1 255 440140568
0 3280 627795462
1 4021 276172159
0 2313 1986117638
0 2113 1453608
1 2375 894443163
1 3902 47348436
0 1858 2240922091
1 2189 1195316255
0 3466 419469371
0 3507 4187756013
1 2517 2351764684
0 2971 4165526126
0 661 3422148162
1 4524 628124605
0 2044 856652233
1 1368 4221024194
1 3488 1018781147
1 837 3205956087
0 2340 1607013812
0 617 4070934952
1 1118 2030177238
0 3260 635000569
0 324 2681178405
0 2582 3133286097
0 1981 2926280773
1 1796 3396282101
0 663 4054526310
0 672 1976600893
0 3819 1227022860
1 4227 2501853888
0 4112 1576726487
1 1753 3662040602
0 2214 1740820486
1 2312 468686821
0 1015 1826910162
1 2142 2246757371
0 2575 4038567033
0 1271 110692500
1 1169 1149878862
0 2425 2118765316
0 3040 2593805798
0 3605 3402835170
0 294 2879558724
0 1449 2012305135
0 1598 1816663592
1 3916 556523740
1 1837 905083853
0 4305 3988770442
1 543 1042426975
1 251 3377964315
1 3893 724828848
0 4301 2272571008
1 1640 1611847011
1 4431 2501954814
0 3251 1868419449
1 675 1181328588
0 4657 1990968365
1 684 152819572
1 3650 984108283
1 3943 1471537517
1 1534 2552295514
0 542 2629409316
1 2794 1619511204
0 3103 483891669
1 911 2186534204
1 1857 202401146
1 4225 1497967397
0 2430 2776507227
1 4063 2144276611
1 2575 575598548
1 2297 1935437362
1 3056 4158687169
1 2710 323042118
1 4853 3106659042
0 4877 306872776
1 1440 2990244008
1 334 1039551066
1 3963 2677154285
1 3849 2861728517
0 4467 3484346799
1 3016 1396425031
0 1990 4138416075
0 4180 1302597179
0 4640 943683582
0 4014 3312840908
0 644 2487463485
0 3565 2103709058
0 1009 762092368
0 4297 1503105422
1 4371 1552754329
1 3947 3913881125
1 3680 648307539
0 974 1312298906
0 4663 575268860
0 4329 3183261458
1 2144 1994363344
1 792 1704636242
1 4240 2494795435
1 2655 2129502619
0 858 2730934306
0 4149 589789879
0 4902 1756194294
0 2972 3298925761
0 2448 1907723494
1 4330 1509692026
0 1074 2661436363
1 600 3820638340
1 4777 265163390
1 2625 3497761084
1 741 2666349828
0 2529 421073339
0 2632 344659134
1 2039 1723376707
1 792 2986988440
0 4960 1072770525
1 3368 2006265838
0 552 4013229315
1 2092 2828963166
1 2208 3565483088
0 4818 2115175580
0 1489 2987603690
0 224 1422825220
1 2856 4111122149
0 2105 4162085963
1 3817 3941298409
0 1615 3028072026
0 3386 279642975
0 1767 3615614678
1 1630 580422891
1 4213 2144384831
1 3405 1455798554
0 2601 1107073614
1 385 2143260655
1 3434 3478543533
1 351 2259196850
0 549 3608039645
1 719 1478618728
0 1024 1440945809
0 3622 4172855367
0 4943 922595380
1 4353 2139235698
0 195 442384241
1 4999 2562025555
1 3857 2676915046
0 4543 3692575012
0 1960 2090713063
0 942 1321132111
0 2173 879740993
0 15 106024016
1 515 3547993163
0 2693 4212431145
1 3512 926251415
0 2912 1975340580
1 3047 1049670394
0 2688 3797537851
1 844 2568024770
0 1683 3730520187
1 224 3826228003
1 2297 2480604066
1 3161 1705171095
1 3899 892813678
0 244 302828965
0 1336 1762607069
1 2492 1710689557
1 3713 3561639146
1 4753 1474009697
0 228 48609609
0 4586 1737233835
0 3351 159754509
0 2715 2365845934
1 4850 2668417750
0 2639 2265184505
0 430 4187760126
1 4649 3893805785
1 1137 780065888
1 957 1123660925
0 3734 2656526760
0 3681 3201337597
0 1427 1383809332
0 3053 630724758
1 4723 1483001973
1 3753 1001631810
0 131 1893827485
1 534 1593200441
1 3595 955952099
0 405 1335386342
0 1772 1797250576
1 4976 223220762
1 1156 1392260881
0 2009 4293289003
1 1129 3889993189
1 4058 87750502
0 4596 3987227311
1 3458 1808393325
0 4785 198503577
0 4948 2684694019
1 4472 3650664818
1 687 81696054
0 49 1548750875
1 4913 212023701
0 3420 1827101886
1 3025 1883011107
0 3516 3398036101
1 1432 3711468997
0 1473 821359244
0 1988 2371417165
0 4066 4279590229
1 2457 1726568528
1 1959 3894270126
1 558 3317278458
0 1164 3506771454
0 3612 3425142326
0 1516 2114198952
0 4872 1243324334
0 4269 1823182013
0 3722 3470052184
0 2085 4183270090
0 821 1734831473
1 1808 3996351991
0 192 1722624718
1 175 815469409
0 1335 1203328491
0 3341 3980864464
0 2450 1367585427
0 4121 1179804942
0 1313 2475793797
1 3749 1270657795
1 4026 1517010086
1 930 3231948462
1 4288 2732565275
0 2505 1343535000
1 3961 2223229923
1 3522 4145869889
1 4701 3825809722
0 590 3678269685
1 2908 3433829319
1 1577 3800266818
1 435 957812337
1 1538 1554121330
0 3302 852153803
1 1730 1268503189
1 3922 151345981
0 4940 3187587798
1 2682 2346864359
1 3684 849059545
1 2666 3582946448
1 2715 2308890244
0 15 3547770110
1 2567 879949566
1 1176 667974930
0 2390 814109436
1 4288 1695527290
1 2882 2686577811
1 2212 1548566946
0 1779 4272368293
0 2185 2628484312
1 2113 1572334209
0 368 1512390188
0 48 1627056225
1 232 838223662
1 3983 1723656849
1 2688 2987800755
1 544 629545795
0 1754 3238231863
0 2415 314817688
0 3332 2069040136
0 4372 2859787736
1 4667 2767065317
0 25 203517325
0 699 4194225635
0 706 2708828997
0 909 3272437070
1 772 894515890
1 949 1398305212
0 923 3742145591
1 823 1963145761
1 3158 3134534419
0 2728 3552908841
1 3311 4010628073
0 2889 3523518852
0 3071 792083181
1 4432 360880197
1 1354 4123518410
0 2816 2046393673
1 3410 2289908013
0 4685 589425630
0 3136 1979624100
0 56 3923673450
0 2545 748817126
1 376 2926253054
0 3431 2465977862
0 4064 4236466413
0 876 3900328763
1 2887 267255315
1 1021 3656737349
0 2899 592131376
0 3324 2324081593
1 4051 2596338121
1 3632 1386094785
1 3627 373883095
1 3907 228205914
1 2570 2778035616
1 1760 3502356827
1 3663 3582447291
0 1431 785949958
0 4646 904408862
0 1047 16493281
1 1781 1308680209
0 2301 450430113
1 3458 3568568674
0 459 2244431697
0 1439 2437596839
0 1639 2906031254
0 279 996586980
1 2148 4171662801
0 4364 2470360769
0 3244 1936183245
0 4460 2899819086
0 2567 2610735477
0 2680 1717380448
1 4313 2693253299
1 3913 1992567025
0 1924 3962793023
1 921 1080972799
1 4073 737196966
0 390 3342175861
1 489 2635094273
0 1780 2102155742
1 1434 364900974
1 936 336066905
1 4115 2447142502
1 1910 1612269747
1 2187 1604001271
0 3760 2679163443
1 1369 1909649976
0 1932 1962367376
1 3593 822691521
0 2433 2206023918
1 654 3572155325
0 2467 2938941104
0 1759 3356065234
0 171 1519958429
0 858 877044968
1 2379 759368732
0 1531 1713981218
1 2353 2233517294
0 3255 883881500
0 558 19066226
1 1010 2588925127
0 969 4245724520
0 1541 3539220071
1 4013 3215885825
1 1235 3863897972
1 2110 1805129949
0 4792 1887177774
0 3338 3287634728
0 2896 100070877
0 1629 4234920773
0 4792 4081382715
1 1675 2895007696
0 2970 1458316379
1 4782 339790377
0 4081 1151521282
1 3590 3234857836
1 154 1945309988
1 2910 2895630876
1 178 1418905944
1 1389 1953634886
1 2082 1637268192
0 1716 27695880
0 2320 2466937721
1 1321 3064614465
1 2876 3645055654
1 1157 215313460
0 2617 3776523765
0 4684 2903004631
1 1574 2843880735
1 2133 3505868367
1 4106 2512223016
0 2883 55476041
0 1413 4232181443
0 735 4000061684
1 2093 2853307267
1 2404 2146186165
0 1204 3005686299
1 1687 2321724097
0 2791 3910311883
1 51 2212279562
0 2417 2391717508
0 3303 1164475645
0 4161 2135884086
1 3722 50934372
0 3796 2634348382
1 69 3986061919
0 1575 822226651
1 3292 3189436184
0 4 3546033980
0 963 2587606832
0 3054 382296385
1 2191 2316129945
1 4180 129580093
1 158 2534883863
0 4685 2002171660
0 4436 2646398633
0 3012 410323999
1 3200 3360297452
1 4383 3037444461
0 391 1381143677
0 2068 719258333
0 1222 2509059785
0 400 2728779618
0 1437 321204623
0 3638 3892265735
1 837 867151776
0 2448 1078287103
0 1455 3674400098
0 1063 3611745359
1 4217 3682572529
1 2927 1081735597
1 3169 3256622395
1 3423 1034161508
0 664 278960294
1 227 3080351906
0 1535 2940402
0 3109 3333505774
1 1566 1652869794
0 3671 3549807474
0 2798 3361690148
1 2579 2594107278
0 3165 2064138439
1 2139 108994524
0 954 2427091205
0 369 3791105024
0 1287 1892953318
1 3866 2167463198
1 2397 875689431
0 1874 3032101997
1 693 2587351685
0 4244 3687098133
0 2918 3411130996
1 4529 3552728237
1 1351 1716985600
0 1375 2490098343
0 385 2057187245
1 2269 2564789075
1 4214 1038769988
0 3674 842142095
0 4214 3277231753
1 933 1064998107
0 2653 1482265355
1 3502 4143421588
1 3591 963807122
1 1189 123225757
0 2150 3608105938
1 4590 1111690029
0 2799 4289976515
1 4763 2504885253
0 3036 3164724136
0 880 1298260343
0 4927 2024287870
0 2992 2852161790
0 3212 1216468173
1 2032 935207231
0 1279 2484365895
0 3319 1077861744
1 4308 3856842823
1 53 1538200925
1 2562 800905173
0 48 4240458202
0 2129 2768944398
1 647 3164396286
1 2113 1941329555
1 3039 545336408
1 2544 4139913182
1 3598 4172069140
1 1011 3598661771
0 3961 2286298576
1 1444 3692100750
1 3340 3650197994
0 935 3826380579
0 1394 729996859
0 1185 1558208842
1 3108 2987468671
0 3998 1774752003
1 4208 2936527856
0 168 1545626777
0 2681 1123180212
1 1723 1596828578
1 4889 4251662148
0 1595 3465140935
1 684 2408686211
1 3905 3350035029
0 3787 1556078530
0 130 1228359564
0 4477 1584334263
0 409 4102581722
1 1755 1472438240
0 4404 3420025595
1 2015 4225439062
1 2936 227242356
0 3240 536180932
1 3750 2800042112
1 1932 3451656914
1 2221 1976566973
0 1021 3047589707
1 2455 2665141318
1 4623 1048347494
0 1833 1212605182
1 3128 2032579335
1 2236 1145132297
1 1367 997299969
1 2413 379094392
0 835 2197659090
1 1176 1919227656
1 3794 2653594429
0 1708 1952327277
0 3505 825690601
1 2900 3713069918
0 3717 569007968
1 1473 3587706102
0 4445 3861256129
1 1933 3864199889
1 639 1733625917
0 94 2946894668
0 2099 3609768456
1 1311 1790328083
1 4803 1597902150
1 3137 1358229219
0 3282 3173881181
1 1670 1190070603
1 2077 3015776622
1 3483 1515755640
0 1330 3519717088
0 262 2370338234
1 797 3087485648
1 457 1552390641
0 1471 2830676843
0 3786 1949058927
0 2786 1728505863
1 4309 3122288157
0 3353 2236624944
1 4339 892080844
0 684 3218347160
0 2314 1446658808
1 2979 2079356891
0 784 4011760452
0 4848 3215427735
1 2138 4131163792
1 4411 4050477322
0 3164 2381421697
1 483 3442629099
1 2678 2617266103
0 2526 327610442
0 1481 3362859732
0 1620 603743399
1 467 3314751739
1 1037 559471091
1 3815 4071373540
0 1068 4173830431
0 272 3318089967
1 4550 4006577876
0 4552 896358001
1 304 2900541444
0 2574 4066475249
1 1669 4020754469
1 2387 603917606
0 4805 4071897847
1 4690 2747412842
0 1102 2457075382
1 4338 1624997836
0 3151 986633146
0 3300 697354573
0 2702 2051644792
0 687 2295090529
0 4789 259339349
1 4711 491565075
0 3334 3319781236
1 3988 3010574025
1 2415 3406708337
0 4385 665509420
0 3488 2787159616
0 4051 3749227288
1 2060 2562685446
0 1356 3522204236
0 4860 3805034698
1 1481 1112010544
1 4465 2888411801
1 4884 4013531533
0 3803 3266906874
1 4741 1632406805
0 3355 240426727
0 4115 104770036
0 1115 373614779
0 272 1003764537
1 2956 3255343026
1 1999 676810729
1 2088 3596708602
1 3341 1627645047
0 2425 4047602334
0 2499 822199539
1 4939 3752782772
0 980 1299449324
1 4711 2131903160
1 741 40047302
0 2349 999955965
0 347 3055910469
1 2862 1547898371
1 1968 849727720
0 532 499876580
0 869 2302822513
1 2972 3639795869
0 4352 2453878548
0 3337 3787231355
0 1857 2119644523
1 2399 4008558
0 2958 218732430
0 2220 3197758606
1 4288 3982961440
1 3581 3597269167
0 1361 474907724
1 1082 556419701
0 3864 2007980973
0 1200 3777679032
1 4463 462465308
0 4123 2061430306
0 4006 529926345
0 3231 1545828934
1 4759 3297373398
0 1012 4113323934
0 3107 500368177
0 1538 216469223
1 1037 127507385
0 2901 2653007016
1 1498 3561371423
1 3259 688730386
0 3998 291018078
0 422 2639185334
0 2901 752002148
1 1927 1896508853
1 3322 1025796325
0 1489 924564435
0 1849 43450945
1 3235 2449601338
0 4786 661125194
1 222 1529418610
0 4058 688564243
0 3782 309311660
1 571 4010425750
0 1447 1413500148
1 4677 4008454888
1 2167 3480793769
1 4421 294727614
0 2195 816893084
0 3071 2750985070
0 4541 1579665052
1 4168 3773293783
0 4337 861464743
0 2347 1194042836
1 4748 3064959094
1 370 1933635781
0 1587 3832403693
1 4886 2985621297
0 1382 2696031525
0 3350 2241184576
0 3067 2661342904
0 4755 3331511689
1 4840 4123310127
1 620 3851768835
1 278 900287917
0 3554 2428900847
1 2982 2855715121
0 1752 1195087365
1 2324 3858519131
0 3490 291103017
1 689 2007785024
0 420 2343011847
1 582 1258488038
0 2894 913242501
1 493 3464017145
0 346 2380182019
0 4628 2615590141
0 3359 3673374263
1 2498 3365472347
0 440 2578161715
0 3389 284281942
0 2297 2017332975
0 2925 515740143
1 45 1156321879
0 3526 4265834797
1 4699 2714501850
1 4826 3874197047
1 2836 4111802627
0 2036 2505439872
0 1274 1444625775
1 3484 3215516158
0 3078 1828328371
0 1776 4086059087
0 831 3156330197
0 3385 689054571
0 3118 486982308
1 2486 3661411111
0 533 2625584873
0 4359 2265104428
0 1206 1591096522
1 4105 2724295527
0 1087 498588700
0 2516 1343702960
0 4325 3428771345
0 3696 2030489747
1 4247 901634227
0 1327 396306946
1 3901 4089805820
1 4980 772928207
0 1927 2200219078
0 2418 2394276838
0 3204 1174557438
0 275 3265781155
0 1795 10051484
0 760 1136654481
0 1624 368290714
1 3194 781091013
1 1511 3851792305
1 3275 3002675834
1 4643 522250567
0 2491 3436313546
1 4477 1701344009
1 2648 3276284345
1 1285 2216129026
1 2311 189665002
0 2360 2690283986
1 4713 2180613564
0 17 100688770
1 4135 195449180
1 3961 2134527266
0 4317 1150713811
0 3986 4278649254
0 1214 2458793575
0 4752 2590731803
1 428 2000897279
1 2719 1439711640
1 2719 506905376
1 4233 2028708380
0 3967 2478195774
1 375 3422214555
1 1591 1756783368
1 1374 4219953202
0 137 3843259127
1 95 3116617519
0 2002 4081315907
1 90 2821345470
0 4630 2998281386
0 849 175739789
1 2994 333510806
1 570 1668655286
0 3049 2507546175
1 980 2847809989
0 507 1166177962
0 2372 1503354920
1 2079 2004907500
0 288 1889441248
0 1260 375392832
1 4337 2970732727
0 3139 2890703834
1 4656 103915398
1 4306 2594021712
1 919 2767590941
0 1208 397715705
1 1655 2156448237
1 2810 3010508504
0 382 17450088
1 3664 3938443482
1 688 3471635064
1 195 1333057562
0 3789 1971719907
0 1640 2640998034
1 466 3612083352
1 1063 2425808259
1 291 2587945930
0 4157 4049547182
0 3251 2683891105
1 4139 171705997
1 4234 3383226697
0 4612 1120457190
1 1595 3362875386
1 160 1907716426
1 4331 854833410
0 808 2532763157
1 3348 3981017350
1 2052 3296331494
1 1641 3627295686
0 2207 1202297159
0 536 1189640135
0 4058 781727631
1 1994 1411767179
0 3137 3979240053
1 751 23212778
1 2337 2104919220
0 3638 1217694449
1 4945 3158306035
0 3612 3775902760
0 2263 1854157366
1 2006 3533341233
0 517 1670124431
1 962 611113520
0 589 1383403994
1 3543 3925499558
1 3205 627274283
1 3188 3725997849
0 1601 3228155198
1 855 1915424821
1 4823 2016683738
1 3039 1066696747
1 2232 1649705998
0 3005 1598811974
0 3547 1812694280
1 1053 956831241
0 2201 2554532095
0 2490 320019609
1 4217 415815634
1 4367 4234846207
1 911 2549301492
1 4338 2349678787
1 2546 3482958428
0 1573 3238833806
1 3992 2930003140
0 4888 2189182192
1 2146 750880506
1 2904 1983415118
0 1890 1069408699
1 4800 716626358
0 143 2887440334
0 833 2491669598
0 3845 308324843
0 632 461778939
1 824 2017247639
0 3813 118376525
0 3798 3642281883
1 1954 759276797
0 68 2033603596
1 1764 3501261039
0 141 535613779
0 4501 3881830439
0 209 2095754241
1 2614 1870212123
0 3925 3552067538
0 4757 1500669552
0 4061 2126223090
0 2842 1009934498
0 4388 807169922
0 323 1250658938
0 747 1244772749
1 3692 3929901170
0 1530 1899541170
1 185 43534921
1 1783 3211196270
0 2732 3429767505
1 1417 81124506
0 1038 3750329065
1 861 563661596
1 3469 2648198793
0 607 1599982467
0 2430 1231640861
1 3680 1854044859
1 751 4112980522
1 3717 1164722977
0 2134 1056105175
1 2140 1438406090
1 737 1913638041
0 2442 2940430294
0 3739 4013040517
1 4649 3410080408
0 3508 609795918
0 734 150493024
1 22 2967461830
0 4336 1157413645
0 3414 1885023985
1 2951 2363092358
0 4860 2040086481
1 3336 3133823971
1 595 701330007
0 2781 1181785951
1 164 1303100321
1 3755 2124117713
0 2023 597935752
0 3677 2858349210
1 2397 2508265282
0 2544 139202518
0 2492 1384084746
0 1524 589606230
1 4319 3858443617
0 4914 1690825706
0 887 4163616419
0 4390 2730469514
0 255 386683266
0 4701 2641001644
1 2034 1300932969
1 4973 3734679569
1 952 738623350
0 1330 225367550
0 1787 3093667676
0 2733 4155790001
1 1935 1574332398
0 2642 1459557759
1 3034 3972564996
1 4207 265746142
0 817 2449047114
1 4954 3294498698
0 1217 3031439877
1 1932 571917617
1 3734 3134452218
0 47 2449403557
0 1228 2911454599
1 440 2058945826
0 2192 55534502
1 4583 1072348425
0 4817 3220565245
1 55 3427208942
1 3242 2288595421
1 4281 1902495501
0 4947 477827951
1 4980 2470579910
0 523 114961764
1 1950 2722377044
0 2378 2460223809
1 4712 2690402081
0 4081 2982212054
1 281 3288165840
1 972 3872305551
1 3719 4097765282
0 1441 447230027
0 3016 3236710241
1 3586 3588251074
0 3404 3245757788
0 1343 1761270146
0 2780 1526099640
1 3671 2405145124
1 323 2090115538
0 4100 4235951710
0 3910 4171003613
1 1352 67302508
1 1755 110391008
1 2216 2196670956
1 3713 3362841380
1 4636 672289502
0 1570 3130340192
0 4755 821542704
0 4554 3192520567
1 1233 1793922453
1 4909 1214626793
1 1898 3680670411
1 1517 1643421710
1 4610 4209424115
0 1237 1749596051
0 309 148121788
0 3761 1992760007
0 1915 2626624215
1 3472 327414892
1 4012 3236664056
0 771 228839665
1 2036 2072781274
0 1226 198390370
1 3644 1320857604
0 3882 3201418975
0 966 1156022158
1 3586 3777149543
1 13 1307634324
1 54 1469843002
0 3200 1443986865
0 3503 946012150
1 921 1340278779
1 122 272770871
1 3240 3282654344
1 394 2704025122
1 4949 1663241278
0 2956 4214397490
1 4215 2681105987
0 913 1668561898
0 4497 2299194244
1 4048 1887501789
0 4288 1844141506
1 3932 4071125514
0 1686 265734816
1 4537 931097403
1 4030 3054320193
0 3520 2803983908
1 204 973004461
1 1248 3321057346
0 3711 2206620836
0 4788 3706307105
1 721 4056155822
1 2291 266140433
1 2431 1165703134
0 4497 3866811780
0 4130 1962157777
0 2313 568946086
0 283 3253665058
1 3803 1892653686
0 1506 1126298368
0 3712 3138545319
0 1644 2363829871
1 2101 3916273255
0 33 3483996320
1 887 3265823113
1 1019 4080116373
1 3134 2772110098
0 1354 2356583619
0 3519 3661384482
0 2305 1498606917
0 4962 789322597
1 4001 1131156438
0 3902 81314290
0 422 3350911513
0 990 3858436872
1 586 3615899322
0 4014 1836575275
1 752 3705962268
1 3006 3400487759
0 1282 1066673392
1 4973 910510673
0 4385 321321413
1 2768 1194497554
1 4374 4173361473
1 807 4056828361
1 4353 1292830390
1 1239 3766161677
0 3705 2684026594
0 4811 3093772145
0 2949 3078757703
1 4306 3660222535
0 937 3832196702
1 619 729781338
0 3424 1441770359
1 921 36976047
0 3559 1931759434
1 4757 1366566583
1 1309 167949474
1 2946 67913675
1 3464 3886086432
1 4358 1932282881
0 3329 3737629979
0 3991 3677498374
1 116 2598503205
1 2235 3865952105
0 2683 4113165728
0 4707 2736748938
1 4267 4249531809
1 4356 1278984109
1 370 3131710446
1 4081 2230767095
1 668 2904776629
1 3684 1556474500
0 3864 2992702581
0 3507 2938000548
1 1937 2119175790
1 2981 2239672664
1 492 2573609650
0 2629 1899783875
0 127 509736266
1 3934 1900898285
0 928 4235247732
0 740 3430166149
1 4787 472374855
0 2017 2854689222
0 1535 1937604163
1 4355 3793566900
1 4597 1642574552
1 3980 1593743924
1 1239 3617391736
0 4951 3598303791
0 4299 3867787946
0 1016 2097106749
0 4820 1550836437
1 4433 2244064012
0 510 1527550136
1 1015 4101859113
0 3960 2341275514
1 1199 1393653836
0 3418 1214533335
0 2150 1274097462
0 4222 1510081067
0 4087 2789726158
0 2350 4197025235
0 1508 113167298
1 3131 4266504064
0 4337 1658288788
1 96 2609259337
1 4959 3081948947
1 858 867786857
0 3995 919895355
1 3138 1428183187
0 3019 1293019051
0 2241 2859980898
0 203 6630908
0 2857 1146934615
0 3683 950010801
0 4183 2458180029
1 955 1254029184
0 3253 727010864
0 1624 2009600748
1 3945 905884722
0 2346 3582651415
1 747 2575665158
0 810 3039353808
0 3680 4109924509
0 4541 2587329918
0 2528 1967196973
0 1607 1527369533
0 3526 3774722820
0 913 1498928046
1 1734 1883147318
1 1479 1597256052
1 2341 1597104038
1 4307 2296143999
0 1275 2639423521
0 4368 893248564
1 1602 165940501
0 3186 3705993605
0 4842 3463760561
1 2686 826952054
0 150 4093333386
1 1853 4267064426
1 928 161541271
1 115 49283479
0 3483 3462976307
0 2706 3959814358
1 4261 1368539423
0 3495 3798939029
1 2223 1057251976
0 2528 1968749122
1 3734 2861043619
1 3254 1456609051
1 4498 835752595
1 2025 2526047412
1 4955 1732259447
0 3112 1929557406
1 2918 2401891815
0 189 2332791784
1 3657 3290653583
0 3424 303683498
0 496 3794645753
0 2958 1684840631
1 874 1311416646
1 1382 2930356751
0 2792 54873681
0 947 89372097
0 1898 3153881754
0 377 417149207
0 1354 4184505238
1 315 2034506638
1 1913 3984619204
0 2953 3764819246
0 595 381246118
0 1584 1536296796
1 2672 3540498044
1 189 3813961676
0 714 3963378085
0 3958 1796039945
0 2573 2823022401
0 1020 2214548905
1 2928 2090801956
1 1535 3854016649
1 4018 1060213669
0 908 314897872
0 4706 2686870878
0 3818 3797119950
0 3159 3694915216
1 4291 442646256
1 4095 44440631
1 310 2422132656
0 661 3423149723
1 2716 2500807542
0 3254 3923498514
0 1609 1197028379
1 3156 3705603412
0 940 3775391255
0 4287 321664860
1 2030 1776208223
1 4963 1749351462
0 4109 3665382388
1 2423 1354871484
1 3874 2127171910
1 2111 1243647751
1 3390 2201851482
0 2912 1892488871
1 1312 2250977241
1 2485 550190049
0 3166 2021540680
0 2307 4098786024
1 123 3706910850
1 608 156740708
1 666 189990705
1 2717 2359800768
1 3668 3512214910
1 3329 899668279
1 2145 709139927
0 2159 1348146335
0 1336 1596231691
1 3594 3232003947
1 4072 1723245413
1 3318 3975482935
0 2795 3923584847
1 2750 2042631614
0 3191 2127341026
1 2621 4228849413
0 882 1816657751
1 4619 1194676474
1 2981 2595761516
1 3218 2073741359
0 100 3629370711
0 3219 567193598
1 3906 824495238
0 4126 1060707818
1 2445 1934185307
0 1750 2925509560
0 84 354745290
1 1982 991830417
1 3417 932809813
1 2118 470378423
1 1822 1385785393
1 106 1541884082
0 2944 931980472
0 3952 3545578987
0 1052 1681291976
0 678 3048511544
1 2245 3091560693
1 1548 2162645494
0 1260 845328713
1 4497 825783523
0 1007 1469571444
0 1576 2403894178
0 4381 737293473
0 356 1844579481
1 3188 1994044614
1 3106 1134535863
0 3810 3545900199
1 1527 4102230087
0 4084 1327116312
0 3580 2631285171
0 3421 950937868
0 2398 355848233
1 2963 558772090
0 979 2884636488
1 4678 898220741
1 4952 1035427128
0 2637 1993088218
0 1858 991211010
0 3145 2286014923
0 1738 2743550937
0 2599 4243743667
1 476 1366137028
1 1201 501752204
0 2987 2759633433
1 2236 278954892
1 2315 3287863593
0 3815 3761837386
1 1227 1319555705
0 4490 1766842172
1 1056 2251877523
1 3141 3808477012
1 2482 1496450781
0 1162 1463025792
0 3441 745962752
0 443 335933845
0 4750 3034348937
1 3220 2677875790
0 2805 2957116267
0 4941 3052083596
1 1219 3298820964
1 3016 3682004402
1 4428 1460034530
1 643 3716727880
1 2258 359409453
0 2300 2391489051
1 536 2111322441
1 676 410379126
0 4318 1413271866
1 1284 2555836951
1 2295 2924404392
0 241 862682569
1 63 2531283115
1 945 1832416942
1 1695 2854450183
0 2551 953560928
0 3726 2087978841
0 4270 1623530169
1 1714 4053732280
0 2870 1224239386
1 3474 1627848088
0 2836 2226095162
1 2188 1229828614
0 81 92475391
0 306 1142037348
0 1481 1796364774
1 3517 260107721
0 4689 2566080589
0 4704 3846290769
0 1513 1205327524
0 2244 2573398750
0 740 3012283002
1 1454 3924076493
1 1855 2434619196
0 3617 3881433504
0 14 1189873092
1 4521 3995221843
1 211 1264282219
1 3903 127718519
0 2047 839354059
0 2920 3690784114
0 2514 554715902
0 1208 589672732
0 46 2297493077
0 4098 4025882871
0 1357 1379835680
0 874 182287086
0 4515 2407305701
0 3115 306619870
0 1326 4025065826
1 4864 3683254343
1 4474 3302828546
1 3488 403753269
1 1318 841590229
1 19 3933820014
1 3585 814173982
1 2065 2109451891
1 2445 3500045573
0 4425 1022378915
0 3507 2123061741
1 2679 1070274951
1 2368 2756085292
0 1400 1407144598
1 508 3133960886
1 745 1187908655
1 781 344929079
1 2471 196784086
0 11 4118667331
1 2838 1749711669
1 4127 341704595
1 1848 346523229
1 4308 1142276111
0 3885 4210171221
0 3992 1727206831
0 1748 2166794974
1 4692 580423911
1 829 389727396
1 4913 4215192631
1 2209 380257145
1 864 1708400896
1 2920 2060861204
0 3843 2157248465
1 3862 4286924622
1 3602 1913742081
1 300 1744752464
0 1518 2283386589
0 1767 3560906534
1 3120 3735094834
1 2223 541481325
1 1681 3087197944
0 1285 3997814120
1 3172 2146497885
0 4910 2597795369
0 940 907695690
0 1193 1453285982
0 3115 722826548
1 1881 112411230
1 2311 3409985410
0 2973 342480901
0 4291 2274331269
0 335 466689050
0 3093 2677418850
1 317 553232158
0 4404 2709313827
1 3472 3324497130
0 4447 196165484
1 4521 3800853041
1 1261 1085427405
1 309 426347303
1 3254 3642704550
0 4997 3954515375
0 1146 2175105989
0 3928 1730213313
1 86 3493546888
0 7 2357303252
0 1371 744732535
1 2136 1116418714
0 4640 2019005157
0 1425 4173405423
0 2949 2783482409
0 4092 2895753983
1 4733 899457584
1 4548 1829654213
1 697 2474108155
0 3428 1598772677
1 2818 2554876086
0 821 831692320
0 304 19956217
1 3956 3671848246
0 4625 1553350868
0 3389 3080891046
0 2442 3584873980
0 3048 525194225
1 1459 2261484566
1 3990 3098209773
0 1523 1205866614
0 2041 2445756509
0 1985 4257250651
1 1172 2555615444
0 4839 1446005201
0 653 3267091397
0 4205 667771551
1 2845 1370557795
0 3349 226018946
0 4036 1724419810
0 2211 1213904533
1 46 214999978
0 4598 3772687800
0 810 386923046
0 2446 3620717357
1 3405 699683200
0 3936 1342404581
1 887 954950094
0 4775 3082528188
1 74 1916488820
0 2633 2436524101
0 4599 3390754461
1 1713 2013916507
0 1198 2352088824
0 2405 4081401730
0 3818 4187275514
1 4551 2882214874
0 4023 2454963438
1 1503 2957218850
0 3873 1407628051
1 824 2164565958
1 154 2414470542
0 423 2821252543
1 2961 2783044093
0 4556 691319834
0 3815 1389485017
0 4483 3893323346
0 4488 3159090219
1 958 3424684494
1 2820 40205829
1 2116 922531946
0 4438 39521968
0 2784 1749715195
1 4990 1402684639
1 2280 1861799614
0 3812 3321355871
0 3785 2607330802
1 3036 3387842149
1 1750 258929159
0 3865 1719831540
1 1683 2438797503
0 1473 3788566531
1 2641 4008360784
0 3117 3799915880
0 1150 709324267
0 4333 2737564409
0 1902 2090278411
0 1831 2712686242
0 4346 2405575603
0 1427 216173283
1 4448 3339247364
0 1522 1383898684
0 3295 139465696
1 4315 3703986044
0 206 3671871026
0 4033 2143846231
0 3891 507076238
0 1207 2539817032
1 4153 117503497
0 2865 1641712951
0 110 2309517144
1 535 2797779394
0 2311 230965801
0 2623 3771458777
0 3198 682698055
0 1524 607298258
1 570 2479890237
1 106 1706002704
1 4040 349875162
0 1482 2621452092
0 277 1108700245
1 551 1696823343
0 1154 787358663
0 3370 1906943637
0 2092 390743298
1 3543 1470530154
0 951 1359423728
0 4704 2031920572
1 4697 1482834581
0 3591 3543823878
0 2678 2795220983
0 2423 3959257634
0 4619 3848160974
0 1699 439156954
0 3545 2435151606
0 4510 1744654741
0 1497 3865634610
1 2543 2722071426
1 2661 2718914597
0 3628 68371422
1 4219 2813207387
0 1033 3238872735
0 655 221819067
1 2014 1596240321
0 4844 485322896
0 2877 1603086849
1 4514 1743860927
1 3966 2570248146
1 2129 4056197656
0 2014 3624633384
1 1918 4144643807
1 2530 1082300620
0 1940 1233945309
1 1532 237320845
0 3311 4008461852
0 336 2588462347
0 3670 2840388474
1 1375 14106052
1 1298 1981772128
0 2838 3372429882
0 4537 1253770362
1 397 4260327015
0 1834 3003057175
0 3945 3542639822
1 1921 1787875226
0 990 2278529201
1 2286 1476244153
1 848 3863711089
1 342 321262926
0 354 3315380302
0 3705 2966435787
1 1016 3321273690
1 155 3810343869
1 2897 3128560486
0 2538 428580303
1 2152 2105449322
0 613 586262500
0 4085 764892701
0 3708 2343971255
0 637 148286802
1 3413 2656777028
1 848 3324661329
1 201 2714467100
1 1455 1131655547
0 4286 2074854261
0 1048 2672635637
0 1065 2005651183
1 1450 2284234966
1 1630 878458899
0 3621 2286472089
0 3910 1529973163
1 3464 1434379124
1 2619 1478716037
0 4019 2365236727
0 3026 1064105370
0 639 1682809874
1 2841 921069547
0 852 399839597
1 2071 2403315363
0 2767 2618600390
1 391 693230778
1 2291 3064536161
0 1282 1446035640
1 2 4275262754
1 241 2790066133
1 1911 3205731557
1 3105 1874349091
1 906 3983662092
0 4271 3030602721
0 461 2412655244
0 2695 1449439371
0 1092 416571625
0 1232 102363079
1 32 1429643716
1 1626 1499979568
1 3275 1183482185
1 1482 844738137
0 2412 1920175580
1 1178 702217734
1 4644 586934284
0 2016 2173341852
1 1978 1403512657
1 155 603464267
0 3592 629603926
1 3634 1140068177
1 1361 3175229394
0 2184 3496422525
0 2588 1285841380
1 2416 951881336
0 2004 1598202789
0 161 848115887
0 4999 2885628353
0 479 1869591838
1 3601 1398216917
1 79 3835266717
1 3807 2738556280
0 4407 1815188192
1 1659 3940347860
0 3958 1278515999
0 1323 3303416842
1 531 3798547420
1 1934 925511709
0 1342 3395211457
0 3444 4261564628
0 312 271770245
1 3585 1458541691
0 4359 713948712
0 2587 2574235105
0 194 578113007
1 2972 2412596153
1 1755 1118082409
1 3439 2553118534
0 807 1967345757
1 4282 2459076199
0 2697 3211829632
1 3125 3344808937
1 1759 2902285042
0 3105 2107474881
0 768 1223963881
0 555 800310428
1 4559 2651055150
1 245 2685689976
1 258 1173130194
1 672 3218882490
0 4336 241096074
0 2329 3709677891
0 617 936002956
1 1376 3926739556
1 2766 240661640
0 1876 2227952095
1 4356 569205791
1 3173 215289159
0 4963 110361034
0 4960 871995588
0 4057 3209033824
0 3860 4194338546
0 3160 3385839901
0 463 4000094529
1 676 978707592
0 2271 803650323
1 4599 1405734519
1 1237 1035894665
1 3823 3417076103
1 3221 2469042363
0 3834 356736086
1 443 603891260
0 2176 185423139
0 2480 4194362699
0 3232 282685608
0 568 1196575019
0 717 1009663803
1 4948 1907727169
1 2696 976414967
0 1226 3932671960
0 601 970284151
0 839 1866892010
1 1642 1705644477
0 2402 4009120006
1 848 2190880592
0 3884 3873500966
0 1477 3469897103
0 2528 935537797
1 3490 3017565560
0 849 4244087160
0 537 3191233942
0 530 809145335
0 3801 821556554
0 4318 2929574165
1 317 2968545692
0 3559 2879581656
1 922 1923299001
1 922 3815198655
1 3777 2205057933
1 860 498163331
1 630 3973400097
1 2287 509764818
1 1504 1149654197
0 1212 2385298221
0 666 2886591364
0 2100 2161268762
0 4495 3100113667
0 3190 1651477609
1 3173 2685774326
0 3420 2358318875
1 1122 2040529294
0 3454 1604471172
0 4420 922007579
1 2134 2045966055
0 28 3640873891
1 2895 771141565
1 2347 1629342228
1 4453 522574115
1 162 2645119616
1 1607 2645601890
0 4573 237053146
0 1335 81922733
1 3430 1867720514
1 2074 3908649542
0 1558 2165094649
1 880 515262114
1 696 3359238553
0 697 2588785277
0 281 4072825878
0 4954 2106394550
1 3618 763483454
0 1541 3318943034
1 3701 3533424015
1 2089 196765315
1 2249 3433115922
0 2115 1400664718
0 1965 3865209416
1 3182 168832932
0 1914 1050465372
1 3334 4219441449
1 2044 1462300116
1 1647 1686491491
0 1960 829074191
1 1631 2940375669
0 1155 3668264811
1 1607 1664984893
0 2049 1652866021
0 3601 1201234279
1 4478 1352579405
0 409 3109828358
0 1373 4063393230
1 2823 3511049442
1 2531 1825359593
1 2378 120457833
1 2216 1740643423
1 3758 3539656083
0 1859 1123674900
1 3840 2705234638
0 2148 4026107810
1 4590 2700554919
0 1067 129373594
0 4081 2634835338
0 4458 2234283254
0 506 3896993524
0 723 2016240785
0 1102 4228586687
1 4175 244835898
1 1637 2216845178
1 3259 2563327235
0 1971 595015316
0 4067 2045198220
1 3464 1157040945
0 4280 1882951427
1 1436 2911486562
0 1808 248761611
0 2847 1689968893
1 1548 776578294
1 2220 1543566631
1 1971 1000146695
1 1291 3495269963
0 3504 3598096063
1 726 2146096345
0 264 3677704160
0 791 3402839142
1 3863 3755143999
1 2111 1965152058
1 4535 1998665031
1 164 4015742327
0 3416 3198020457
1 4301 530413043
1 1147 1662213747
0 2451 1021475190
1 150 2705854075
1 383 2731022819
0 364 2155012621
1 1212 3342612350
1 396 1691131125
0 2558 1118420186
0 2231 1542250839
0 1193 2851979693
0 4494 1246745872
1 528 1390525867
0 2017 557643524
1 1814 3743571974
1 2858 2029689915
0 2665 1274339972
1 2238 845433587
0 585 2366920134
1 3102 3763282963
1 994 1870543891
0 886 907967749
1 4534 2184300577
0 4856 1216255879
0 347 3960390694
1 2289 3306204177
1 1704 4066492982
0 1528 2711293591
1 1797 3078319128
1 1879 1640047428
1 3541 3290583982
1 4471 856916488
0 4142 4097778531
0 929 839307832
1 1263 1943165365
0 2842 4040513877
0 46 1930632480
0 2058 2393967149
0 361 699504276
1 1436 3792780956
0 3848 1789806126
1 2528 1819964197
0 4786 782419307
0 168 3319449039
1 1871 1304502896
0 4659 3395706803
0 3835 310024910
0 804 1258353942
1 3613 1236752170
1 1850 1951876924
0 4360 1138720516
0 772 1943996016
0 257 1479721124
0 30 1413315285
0 3756 3511946874
0 3118 3408522324
1 1675 3292428060
1 4921 130833859
0 4914 2849841748
1 3323 59834060
0 2795 4216714191
0 132 3670905317
0 587 2399210786
1 1103 754267494
1 744 2411700642
0 248 2024855325
0 3255 891821982
1 1134 2750616013
0 4670 2258162837
0 4453 174915760
0 1329 1420043675
0 3931 339056284
0 3394 2417123655
0 3881 890581341
0 4332 2584853751
1 2655 2046540387
0 1664 4283519613
0 190 1253398002
0 1781 4009470030
0 4989 1332093204
1 3346 2762370914
0 3073 100968147
1 1078 180369926
0 4316 4067503166
1 784 1229089856
0 2830 3167271744
1 4063 2043146712
0 43 958446328
0 3805 1612786536
1 1195 458822062
0 1884 974294152
0 3561 3870776664
1 2614 1826487549
1 3438 3775660875
1 3692 1328340393
0 534 561552509
0 4357 1302883213
1 4776 3451573124
0 1797 1221861284
0 28 1271091250
0 1993 3509746273
1 3734 4209699720
1 4733 3760851445
1 4384 1474703163
0 1621 2155881450
0 2233 3659556255
0 1545 3178351429
0 3632 503359593
1 1478 711721522
1 1656 2411119756
1 1154 1804606394
0 2988 477640801
0 2992 1132975330
0 4520 3598636241
1 885 368992954
0 3331 3368594170
1 368 489359774
1 2863 3226928088
0 595 2406127429
1 4004 3751691150
1 1237 990383517
0 4165 368507017
0 2488 2719331704
1 3987 856211579
1 1811 2723031781
0 677 1635158977
1 4301 24445548
1 2678 1721863570
0 1379 1627714690
0 4908 3751375964
0 90 3380756945
1 4002 727712129
1 3630 3853766187
1 2274 1761239556
1 1562 717705848
0 2612 4031399785
0 3613 2752152170
1 1686 4130978113
0 2653 1217017936
1 652 3586397368
0 4998 3368414905
0 2734 1723817849
0 3731 1820320980
0 4508 606613224
1 1883 1963313721
0 2361 3845958407
0 2599 577771496
0 1386 3895908368
0 924 3944406034
1 2651 3883015121
0 3290 3453481548
1 2314 4257890557
0 3524 2757502652
0 722 129605545
0 1980 2878190566
0 536 2976985032
1 821 4288431570
1 3277 3399418951
1 1923 1088387986
1 1238 1266124407
0 3447 1418389680
0 213 3836317373
0 2945 1930561770
0 1994 799236475
0 2851 4154681193
0 3721 1361511991
0 4628 2316503886
0 3255 899694111
0 1879 3389523934
1 3422 3612668708
1 1253 1330193842
0 750 2628719187
0 3669 3425065544
1 4396 4277515878
1 3933 3215651869
0 58 1123496496
1 935 4281320733
1 2260 1627341066
0 216 2212668674
1 2725 1179473257
0 4306 204959711
0 4396 1071686373
1 333 4235066370
1 816 1478096499
0 75 2703528433
0 3497 1555693551
0 78 2817464293
0 2795 3988592684
0 907 3581698637
0 2168 1973734263
1 596 3078909388
0 4153 2514365588
0 3939 2022096721
1 2314 734688101
1 616 2251398363
1 3901 863158021
0 1509 1399124530
0 1060 2442077861
0 4949 3248830686
0 3112 1072292095
0 4943 1149508276
0 2903 4118098147
1 296 1519781722
1 3371 2808815327
1 3198 3317770025
0 3145 2178047660
1 2321 1210715872
0 1117 3526656749
1 2789 1997041906
1 1439 3597140826
1 178 485490896
0 4483 1749554857
0 1107 1337433647
0 241 692029639
0 973 1640091090
0 2438 401883154
1 1587 1661745103
1 3570 216193857
0 1866 1625143428
1 2684 3992645902
1 1542 1039233231
1 4731 1588966528
1 529 4166382485
1 2261 4062692732
0 1547 1205118066
1 4531 3435623511
1 4382 1993533417
1 4256 1406162184
0 3655 224616767
1 4885 774880457
0 4016 2066127172
1 1964 899638305
1 977 1511951510
0 2458 204500938
1 2791 4085266868
0 566 1842846460
1 2798 2725252697
1 337 2912695678
0 950 702181931
0 1881 3435605349
0 120 3672578389
1 1679 2103245163
1 4058 280206261
1 2531 326570572
0 4237 1705856781
1 1979 2085833019
0 3186 1398663820
0 1219 246655963
0 1452 3287066127
0 2465 187749821
1 4332 3048429838
0 4389 1232393464
1 2044 82209899
1 145 2969601000
1 1130 3380552737
1 656 1340817501
1 1748 1120052587
0 1532 2997301263
1 4632 3644791399
1 4553 623158041
0 2185 3915277458
0 961 4005532431
1 4192 233155851
0 4209 3429151429
1 4554 838682783
1 4474 3062166279
1 467 3210987275
1 3427 2107931698
1 2842 2080214040
0 405 2402012724
0 1491 574651644
1 4054 535180697
0 3034 841165311
1 1870 991413484
1 1922 3511189130
1 4968 511255083
0 3575 991237104
0 4565 2634999761
0 3742 3283776140
1 3554 823705550
0 838 2841636023
0 114 116720341
0 1673 3929709915
0 2278 3600701262
1 2539 2110338009
0 3015 2938522536
1 2025 4036012141
