10 7 6348176586775519 57149 15342
818935 728079 646715 334786 475099 191540 460985
367698 49005 618943 985029 102992 500096 257104
210194 750716 540324 899912 417809 866137 677162
714953 282803 391526 208867 77427 163304 760165
475936 164903 771873 873687 403954 155974 972176
719612 839275 21746 793510 24535 168282 389772
832339 786919 557714 435571 767753 335534 694434
273354 599608 578349 159645 831474 619603 411877
35666 382858 140232 268887 798740 325365 389322
877955 385011 348243 306698 834476 939328 731910
579640 664785 442252 942830 942022 776500 675752
48300 144677 43925 599589 509282 902341 203767
