5000 1 5156258431591307 18484 8413
4894
564285
459903
265081
437648
346955
279020
928385
429814
520941
642576
39334
18213
204104
899041
138287
654387
278336
483154
760992
977908
792699
259096
642046
729406
120733
929770
560079
567461
784397
449852
84566
400959
70830
149058
429530
292064
586021
331123
103134
897117
884568
462466
298537
554828
305452
686629
330495
794049
182661
449042
729829
944849
526857
141308
453281
920402
969629
28312
730166
12312
122789
852381
966442
649657
919879
537855
757059
365769
348584
949554
545221
859229
506988
473197
712821
193547
863737
999523
247640
684135
588532
543371
617523
573319
655361
953560
419404
345342
369670
32832
490534
614564
83815
919672
203784
931532
562826
871476
764086
128715
280852
91563
899189
269558
361578
946833
216074
241187
595760
791642
538490
338022
952843
942396
7818
722005
826274
815149
283776
528708
904280
833248
843423
587017
504274
568651
863982
842231
776566
391459
159921
367974
221737
900893
844525
693800
93520
641581
553511
361300
562127
141706
850533
807807
792268
633831
547562
565693
330347
287355
755837
364003
608722
574777
111010
946182
679654
721239
236254
723196
239371
211594
785462
168090
980967
299783
252911
823219
220255
867075
499790
534943
184151
909043
180185
208048
457781
763659
331987
994749
523038
650178
577987
772186
219446
338635
937005
290589
346467
395677
483670
494682
758025
26603
932611
190823
75342
240555
352121
647192
835351
414930
151102
819394
400200
236629
822229
555707
408904
90408
139141
318295
145977
913794
913618
474539
261315
271063
165313
699597
318857
672283
190487
171665
267632
723972
149850
356173
730142
576903
497485
922517
849272
720793
511607
255614
500451
14255
35035
995550
449475
921470
935168
227017
945470
392955
827434
946517
472760
584027
311326
418710
338519
795538
836834
354273
869760
965719
791609
101708
849943
619293
174634
277547
454338
286234
129720
414931
840550
387
818346
125402
998567
853709
400132
579797
209131
357549
775371
556695
663703
357528
246597
399351
982351
488643
105141
59018
368441
578594
215586
315684
662905
608876
191055
250522
842038
256724
133699
600514
806674
600016
788994
707888
543285
99285
727185
37369
585410
215896
527349
95411
733599
93454
650164
45874
62704
902828
478417
335692
314139
703399
939731
208149
327621
886323
415550
207778
887634
134535
235479
219721
241128
411158
235491
142174
600427
352918
918567
326903
979329
108284
798185
518120
464015
517309
458732
699270
448954
534286
893239
585703
127910
202148
542734
85279
656697
78900
76790
430339
236695
708018
16692
94953
48934
450517
95117
318886
460363
179472
716678
335885
582890
864857
811493
967669
883881
778022
188525
149491
661357
952362
318757
120155
67418
794779
608977
545730
100886
723181
887734
607486
438917
642007
186969
277475
616077
927949
497600
224582
383955
369859
673198
340733
527868
884976
700522
110428
801900
212679
840888
284793
858696
751486
240541
51624
491191
859914
74846
187902
981916
93984
363200
823377
558172
694453
8008
71733
298334
473277
768124
1023
370885
198703
527327
67781
716726
479743
819960
703324
801559
454113
997963
345623
268685
854347
204893
590541
654141
895730
518579
125971
657099
77836
891154
384253
48541
465867
574976
558816
388951
557351
388992
55570
551263
104212
120153
727847
991578
341255
846671
858740
74220
708788
305703
547535
151483
794706
377382
108172
526700
434452
11026
51841
999715
47920
604846
986946
522886
905691
406017
728356
80185
807626
234446
565757
860002
200242
164124
725537
771302
69000
591343
78886
557802
62784
925388
582176
925906
910033
500793
817892
629188
687214
873785
954568
619236
52430
339283
421088
662168
709028
112458
785026
52229
116198
46693
1602
76047
663049
238120
399285
218012
356482
277144
479025
769744
336774
828923
853770
918226
122569
544148
572373
893828
27522
168938
396648
456462
561764
291008
121175
915283
409702
541085
655480
110137
462587
858309
57375
875364
545561
731965
347873
269178
27061
486282
719956
680160
775556
173810
993612
286906
835387
20856
390111
261102
437198
223971
881121
512225
722484
718647
753703
157431
56352
136377
675271
742934
870025
285358
230101
679779
699426
937627
136167
537986
581729
222854
466193
61017
233083
965554
889576
680716
615397
708710
613506
436737
292500
37926
323827
43805
257788
529078
204241
711236
152596
903390
282159
916316
637712
746080
478821
3018
306148
80770
169413
639410
845190
292426
151527
688698
115563
943227
41821
488007
283656
836636
190334
426941
736210
129713
715614
87682
348990
589951
942419
640763
164737
360267
265777
824396
564815
143451
751629
979995
705631
95538
335357
992396
962660
243607
49941
467909
19156
723726
789419
805675
84645
726619
623507
647842
464458
370054
521570
445008
883001
518289
113582
367194
495270
22722
967051
373092
956424
644063
551695
122388
42003
84907
295246
114383
81147
77933
538141
14649
574199
758121
249298
21880
326266
249124
316929
4144
849402
468451
826623
283463
73900
316651
637986
634466
941125
18946
534270
401381
343482
921899
894953
758646
75648
980205
680311
587834
218315
828556
629757
938581
765778
855885
176209
976237
799240
373685
224904
854887
713124
236170
805237
504807
546649
917967
857519
733203
320605
159563
496971
652880
615397
432769
249436
630274
759014
529080
796154
219535
419092
496756
666871
309083
128038
564090
463210
379916
747984
905872
136807
392135
815878
735225
894724
498544
903614
226620
914645
147373
104942
539484
5808
484259
921609
241568
86825
253750
396997
277644
435925
655052
900631
213477
984842
962826
678323
624497
575324
780308
671376
915699
554912
4240
238562
901810
469868
813730
61021
372913
412564
847857
470327
969399
782190
797407
951526
314504
99022
952788
430621
711721
489866
834739
708434
461279
832885
771682
978746
495472
755303
506053
846729
241503
594866
402626
225590
514547
931629
96637
102709
424752
40237
769693
631482
738587
525509
658885
726267
883513
884301
372954
101742
477711
326999
882562
504774
824675
158842
32034
983929
687928
281930
295071
835580
817173
365533
426589
631235
88829
622023
443074
980741
995703
527198
591346
988726
491016
571894
648339
323018
136371
912804
839690
166072
285630
92222
900219
212019
45999
430104
673292
974257
140489
395591
342305
628263
387795
984225
882657
21642
42001
169850
244847
423247
372552
794088
570288
174442
652413
585151
835018
312018
854134
39700
28706
223163
41782
127101
596124
295897
671044
250830
863199
603682
790244
531229
812621
688075
630618
372414
935822
317449
316461
399366
272773
122897
529954
18507
614615
269208
446204
939809
604971
547091
131265
570782
684387
777271
65591
901270
72103
195384
221154
696990
954202
505100
704007
256652
832354
713193
547563
158132
390436
759490
908563
745707
629252
2125
207300
313031
14055
225663
453572
34653
152500
45645
292950
41792
582670
195883
749377
721287
356123
315664
211657
15111
628159
311088
944755
848212
989728
366271
785284
647299
216546
530099
401857
517545
505644
10178
374256
600540
928225
61471
31956
471281
672870
178240
758516
499388
757281
368473
931924
472466
970807
896225
773497
704456
333581
681612
997864
964340
375175
856206
21095
796587
674570
804894
53689
507328
517885
394735
256933
832203
136451
794103
150510
199966
524289
998379
14299
350544
723230
378240
322288
952373
72637
667947
971506
8995
945155
923809
638502
143150
413398
717143
448274
780780
213659
277569
643833
245040
598327
200278
633570
865874
153166
665417
163793
16228
347334
485392
381771
352509
999363
723936
988309
753842
602219
320750
225972
974935
174499
735727
430
753793
782351
773016
910214
845893
612821
65758
103427
782457
42394
898613
16873
166450
367042
660884
781885
62148
404275
337518
865860
233988
843794
199417
282179
669383
915459
680874
890879
881059
923436
97078
787454
326317
901553
361298
663364
5176
676024
636531
918997
169371
529062
572622
507128
883691
166815
377431
716657
34044
439561
602373
493126
686947
418889
174859
369594
942454
461379
250336
875924
582409
450461
610871
425559
79217
385404
243142
838218
313668
278788
744642
190257
227734
670235
751711
751953
291197
842790
92116
968047
722445
677897
202005
948881
601820
240873
698134
927418
944573
308845
431694
210481
256584
50552
933424
492793
313167
555120
725298
887641
42153
33465
995721
430229
848107
306425
970026
974003
954536
138901
691722
570550
402295
218289
119518
262244
123693
635955
306202
605635
435230
586687
854901
637015
469791
883004
279650
767525
918854
318029
146071
458226
884135
520407
336010
387203
689752
759744
602606
112861
182124
604973
644665
332038
834107
479298
341791
340161
236119
121637
208087
75541
624919
877947
636181
157574
658576
948776
345101
249241
945622
642386
107574
355923
733566
420190
947971
833657
514270
742384
309930
459985
376330
949678
291872
413854
806999
366461
657690
632295
669019
821057
194765
568688
240042
956512
692014
836798
582874
573438
852210
712918
734974
302209
655117
841789
311662
441422
556341
801529
335805
576457
850400
788621
200960
820888
844417
170240
179212
462112
570830
980182
405303
325189
153212
84500
781461
17197
783744
130879
611452
949373
48143
161180
623232
172185
486365
205425
506167
5351
209697
615809
45109
588491
208462
520851
60111
735787
252059
540139
483355
119532
159483
158542
333357
146227
748132
625089
494490
801188
994635
326089
796472
596388
270693
43500
339547
408986
581415
481005
306585
727721
184837
505043
529926
776054
724534
429602
164343
435560
920429
943967
91266
276898
348577
104015
341307
316937
60677
965687
360504
633987
467855
877532
121228
511861
505076
813188
28751
761924
897769
862515
568084
349908
111779
465581
227312
659530
320791
875129
46328
52365
321145
673179
147842
710528
248640
592089
669666
65161
977375
654774
108590
614924
576908
465209
509626
55215
443580
377125
385244
453398
709732
868097
593511
63656
199673
246033
635443
656967
946800
692378
272274
843355
466558
306657
510491
484103
328215
269356
728291
135153
387634
951934
820926
452413
47106
118366
619649
901649
300606
638031
878977
196626
417945
852440
952020
424037
307657
134909
677071
671534
330755
626756
439749
295762
636412
589552
325006
502327
769512
425351
852924
816514
404862
697039
155942
275672
26801
325772
566624
603805
801784
339331
624320
733047
141382
721913
629274
459658
319633
164275
141956
159357
684366
904438
19346
762930
649074
715144
833561
154769
423026
577708
93103
982269
595971
439081
458408
508571
726042
441603
432601
64274
705835
996287
635480
839173
635500
249122
122745
594201
805715
626481
404434
408885
377939
784818
540983
280828
107618
234792
88957
149267
20405
245914
629050
148960
719169
920780
192450
179656
773627
563971
815403
56623
253975
94724
385033
223804
628364
80916
260721
694865
777741
233593
158969
584022
754513
75190
859893
233006
799819
407186
522362
972478
800049
718161
184990
735661
885560
561976
218678
357470
220949
530444
926165
489142
950396
445842
596946
663643
749988
186896
185218
349682
999873
692233
580025
169888
277063
679620
257420
46089
197164
521541
508689
142483
203366
256593
458012
551906
147944
496045
485506
398236
309608
827486
909273
648870
326811
141162
481717
483748
791157
760020
76332
329852
647853
300195
140498
229331
966263
698907
840444
199373
248903
711105
451968
47312
404435
761754
529394
535041
297489
719851
913448
430916
412276
942969
494454
345919
592434
443146
801585
841430
351616
739938
499311
570799
480467
827269
18052
733359
356127
191866
597829
794298
620891
199365
368520
523958
133562
818220
639970
779272
576243
721202
751270
262612
962745
100509
241707
129856
122370
514227
570374
226161
252739
994424
955275
660235
515057
501873
453071
458804
398913
68195
674536
315024
975464
796883
373546
122182
242330
457670
388202
547768
969102
273282
73150
412622
273399
236619
626554
804651
188875
160357
935796
477685
607487
818135
268736
74768
674249
520485
819827
886882
399387
777813
346531
598864
35373
306602
288996
911230
559795
909354
50123
548114
622114
377819
772142
942320
487342
899521
534306
827327
940878
932961
946682
593441
469749
792128
808461
13886
969881
655715
427632
988793
85999
194895
81143
842872
465580
413386
877623
954591
680133
73815
645062
265236
747375
455101
766456
275132
136926
157312
238242
324347
134409
379941
622490
159159
463715
495665
596660
123797
780962
327209
450630
248121
637436
512019
703140
498825
830948
919986
860643
572458
299216
19341
863769
380416
261493
53608
203674
833328
304967
883528
662204
752737
532157
277426
428179
880886
806346
416491
97844
629333
668389
411897
424693
699234
590721
537695
650282
569923
665620
312228
937641
738653
43668
488204
435910
84884
993460
727516
291158
128654
137897
880857
658031
722608
597930
173064
512997
892574
865515
682671
235149
921342
38432
291345
527869
404852
245056
17013
291273
374310
760318
332447
346247
549241
322064
287956
342795
155730
762219
664473
693674
811541
719108
959987
860218
234535
95312
908456
118095
616175
303620
6779
733311
741200
34389
262963
808734
145135
784695
269460
484097
272883
487713
370851
433470
294654
215302
159397
185449
77624
265244
997663
946200
301060
224473
475222
508703
811016
364656
548048
519507
208040
332694
130961
772362
346827
900994
225181
57496
595091
484520
556283
277971
523368
186237
265455
759630
491757
191669
139071
43105
691975
905990
245806
483294
663325
798246
137026
74077
832722
128264
61313
766128
608523
970146
87855
914798
481711
721257
345809
393963
594784
747538
133740
303805
192262
938641
663045
534840
335876
299165
131553
33393
735232
442473
148678
837950
768222
301804
78200
86195
532484
19033
254075
970406
816023
4198
715478
825515
856827
478024
267533
375767
48790
719924
266341
543040
534157
923871
628964
360634
829828
654398
228621
590235
604129
794501
806503
832119
812937
651819
617974
695011
198240
51939
485503
410741
740940
778467
245255
361729
604465
352161
379667
24796
862645
580752
499688
211228
910397
446566
165004
668373
360046
367320
52802
181341
197996
725210
123153
488264
538652
995171
405437
335659
250981
892646
624651
327900
342954
468954
515136
698800
12240
228786
457377
327546
129470
282276
59892
933969
318998
784741
625852
933834
861056
234858
887552
148344
903135
665704
904452
429363
399641
671252
604365
832717
402386
522851
738400
869149
114416
836425
265602
532855
373016
127229
596537
70705
921647
99314
790792
602527
921945
83998
497206
940951
530939
9590
158727
668781
758524
250415
476800
2102
749311
827070
503846
684040
362857
414104
244734
889975
698400
382258
113038
591192
302281
675584
771097
79425
783049
631097
948710
295558
206404
362128
649913
293885
110752
971579
930391
114490
729089
817583
547781
865299
656269
286049
490952
779867
939945
450438
148454
794666
934521
507091
122338
761938
186083
762557
876675
952298
911500
827448
404045
871495
140184
213691
441349
585468
149997
491513
266032
536929
719983
124904
635539
646920
20677
773373
827251
784648
939857
75949
319894
471413
793339
813037
358527
124069
188646
827058
213557
189868
982456
738865
514556
379360
885077
981662
838105
28501
584419
37552
620114
78432
409991
223258
97578
175447
815589
662546
413799
517518
169379
363021
953103
419994
532134
184321
113446
470289
693970
400032
906673
777415
548237
287778
894453
158098
54203
713915
134519
866630
288707
690528
801468
274808
282759
870917
933258
494590
8815
681632
127269
935532
601950
173543
210897
594328
280378
930893
129557
111830
675175
951048
796533
666427
58507
813837
673654
871389
779083
364945
201374
50384
744523
148680
161520
240618
759985
375145
404211
240767
921057
233192
641707
857700
459521
490105
415261
332975
751798
133266
182030
253364
261285
882152
530691
458248
873650
7600
625089
760129
932611
819039
713422
536500
340348
197354
738413
347572
260995
174534
280293
394968
812669
365800
798202
369013
874190
846852
85041
493919
234396
648529
467151
108971
903820
375938
979545
163374
795906
922445
753621
66878
801700
129639
581638
595120
435158
441861
369651
287000
884223
704860
115296
618443
107521
257825
373906
970014
557188
100104
92942
512167
310059
73608
500377
49787
346844
444116
369273
771181
475451
766627
154545
617813
876206
765224
284744
923333
188250
214233
442690
659796
920099
560683
296676
640406
639855
446675
238323
96929
118179
652870
761780
405897
884451
781176
863405
933156
751893
271520
833441
688773
41821
44785
506775
300164
960545
675298
958035
86643
536966
665958
345498
676713
80176
117491
179121
316795
284806
398206
198941
56829
434986
714748
251491
705988
539972
529570
751945
129061
21687
932964
177235
410614
104872
91641
487814
387596
735485
975764
726566
68539
870363
102316
595707
290840
397415
715444
409479
179960
914629
189986
517392
736881
54619
822379
728220
559768
307725
399684
37294
557696
870145
678946
754957
475008
411548
119289
908541
705325
682691
458048
660739
437531
768666
638442
616868
421087
293702
561070
55462
536079
141870
394687
643852
446591
235381
957843
319965
275908
934272
411743
557469
527732
975349
229016
85521
702244
639673
664115
410046
884007
581553
527781
208169
78676
40961
416162
82455
310016
348559
418017
468622
437182
96063
445653
61265
589798
269239
461492
413735
614026
223260
160180
541268
250113
592530
959496
591645
337376
533567
935398
609415
197306
880968
875010
471832
590822
425553
556627
222227
37241
885376
978893
427263
60423
780282
843364
389344
51941
931363
965711
465466
716585
498209
791041
474453
359
694552
562352
299699
364277
735726
494929
379994
888486
357576
681049
60559
927122
510987
137661
939160
44875
520091
258802
59065
196264
323805
669740
690231
112190
385400
969634
731031
668065
890767
65671
935518
858086
571975
509394
122193
704419
862150
720886
41654
490348
495793
674665
301520
71574
778797
305632
203110
24759
318046
311120
882620
185763
823082
392429
285847
237168
725493
165614
374204
744434
306405
419655
314736
325566
900127
493036
440761
791594
686088
109011
759386
699338
41796
482738
743258
685171
808888
657468
45693
88763
18442
22311
673032
627447
314271
289447
279040
703162
474140
508595
169578
541403
485861
226175
130700
258735
169376
208895
743337
289802
987378
518954
145096
207233
185791
898739
223533
822762
314540
918736
920477
354777
788448
115383
722269
666083
634110
569627
630834
332574
981548
144753
313633
722974
301454
305968
543408
61689
666954
865804
62755
863107
859461
222521
266750
680273
703587
33518
649608
722041
393034
80030
634822
513551
142302
484928
611643
801961
398278
799367
92461
819803
284388
188073
125922
917626
497184
324635
69085
977244
748957
129425
982821
107669
338753
625602
284094
228218
178096
907874
20397
207969
817936
669605
450871
390430
340358
889218
534370
277767
768374
767916
594865
762480
448774
622809
353579
464111
491995
70526
258964
989655
514393
465168
595633
361792
67814
874244
585223
386492
257510
569294
48155
718114
398463
544293
201266
712455
899990
630332
880338
823551
196240
271242
787390
729631
633489
144514
220733
253436
966846
820826
565715
85100
963838
407879
616645
62788
17524
762110
595160
267032
388293
970548
667282
137405
329752
334494
120374
432840
110992
761584
777547
679631
942226
384545
893525
668966
585796
962404
408792
495651
725515
74096
570715
345242
647372
7352
400419
167009
768171
367538
278323
83148
609038
128403
655313
938928
997529
444944
688387
180643
40114
363677
777357
444601
427390
549297
497460
50759
915297
772224
366077
174947
189633
785726
822765
172385
628355
987169
238217
234455
65547
96094
570775
271897
341247
900651
77082
168828
82883
665082
743193
744854
721021
841987
848856
134587
327762
296442
213276
22593
175079
525588
548458
856188
103392
973125
290951
295681
620771
981828
452537
800870
6740
834436
313411
103487
708953
946619
866860
750881
37143
339358
940024
341538
894450
534626
991724
58199
192656
161020
138637
600723
332757
885473
987168
654701
630952
102406
330027
439098
912556
684575
208945
691598
299526
892387
410617
117054
105948
92805
512903
182624
214099
90427
398688
14856
820751
652730
174985
650635
865206
384567
595527
965567
902509
708071
105823
37496
702488
161087
362455
592140
249821
465268
924531
403727
786849
479226
767799
358550
948616
837768
175594
706551
7288
72209
189585
592198
632150
214667
365231
318553
181702
885995
391370
516100
52078
525670
321256
507420
260722
227569
713100
896823
630904
730113
924349
182953
15397
708683
931519
393799
887646
38595
725911
309927
346567
422880
538314
186270
326213
718869
987934
980031
178367
558040
529174
919265
582487
519007
152121
534489
205749
258909
312971
145403
59004
108360
822481
595420
890514
437012
906320
725458
530460
745400
813261
73841
590974
618920
674573
553294
390046
57176
40022
782783
918752
705151
783723
546072
210666
184720
19091
291055
639329
139393
426322
225752
48489
555527
164333
203688
59944
843415
271081
563701
399555
812454
500556
985491
227166
544745
14809
843671
404191
81172
263895
32407
499499
730270
476937
58088
65446
671546
535350
670493
944950
304734
148130
190093
247935
211967
862099
477837
71719
267795
92812
439281
462739
128397
305811
831054
447399
797154
499054
8570
111626
38089
246433
972873
183326
457718
353521
248272
401611
418269
477027
948453
223988
616949
223676
470172
464126
808945
587521
308619
764687
854343
789624
534598
622668
968940
455204
952930
156122
427029
60620
645941
868893
327927
790068
333331
162235
390855
864609
227730
61784
406585
99864
363270
605530
829188
521438
765252
924070
781915
150713
772450
787488
557045
882668
380084
718894
771717
918078
790480
32501
935041
636595
707338
160473
971550
252176
512759
663872
255697
626586
628589
595279
816079
539670
34688
412842
636620
950154
766981
563319
922367
614841
891282
815194
3675
982634
478395
464890
582615
920737
321942
238137
178214
583587
113335
857855
596094
665013
500339
913007
1684
961052
370720
69167
500317
793821
588690
903843
931150
859454
879583
997233
149275
694083
485275
464126
668091
477552
813403
891758
904865
885516
634933
161319
978180
355035
945533
801293
188823
451107
539145
494918
37008
706599
405869
319671
900772
442798
558270
565509
113416
999483
283026
322132
611953
725
509821
477194
368595
369472
885141
740619
691557
263041
163822
319741
707035
176541
769821
379525
22313
738586
221943
986887
666885
189627
140371
445993
450340
426503
705411
463504
878587
301762
800542
989536
967295
312177
173368
823231
415461
242137
422823
662225
410978
342399
507007
296060
254826
501544
443989
300517
277684
691098
636671
846065
490547
440664
170577
935300
391006
260137
981089
47363
793704
317329
899139
295317
271367
592277
721548
210077
471152
865530
118162
299648
176599
387462
711081
410469
24051
588860
659751
764719
907512
533795
990880
876227
717146
75838
577961
817991
806224
71828
144920
451168
614157
982633
952513
398771
342599
103491
201337
739428
228531
760933
765782
946201
617926
720405
410028
212790
65397
727065
693009
540321
894069
334901
721497
436159
299386
676782
960922
871412
232891
287113
891303
61414
265259
783563
721176
300538
876865
814265
114751
475604
997872
187288
445491
115866
559470
501422
584521
515248
39536
309375
819220
439548
804267
252304
782380
201507
902164
308134
432419
612298
453663
353286
107664
908373
439171
364149
477895
421929
860787
497465
864094
964845
952357
370389
11945
910212
857295
959824
128318
668628
545124
977006
798513
40321
655770
582900
476695
530865
280870
258855
559686
38472
426428
598028
551186
933037
88595
726632
206352
731266
373343
868225
309718
760751
339348
438427
225465
745815
851560
223291
279180
386528
179729
672102
485862
58286
141506
678881
310172
4007
841969
823793
616769
702960
654931
987291
341997
843501
938716
517797
991538
616644
789507
989139
334311
928474
788732
169321
653857
691347
40891
487854
443571
699477
155510
98790
832373
715781
344803
960087
556025
720263
408309
4740
491030
767361
958306
652148
780768
963095
914207
253418
172141
207855
868193
569325
926737
240494
219996
854977
505058
583864
154183
916587
832884
256243
164373
748464
597980
790084
509885
786902
555632
937103
353650
959712
459268
749050
676010
916437
211821
71146
995226
288249
570497
248515
910839
969169
38484
797611
779254
139170
216124
361095
886091
410801
9421
379707
582573
680323
705244
636141
810960
89822
322943
687937
143656
305157
957770
615837
345067
586047
326419
679334
652750
787792
495278
127232
233350
701949
362736
82065
998280
764491
221679
477374
801289
491328
478719
810923
646206
415839
168438
449278
494748
390319
264872
747100
440727
398643
33770
302761
623077
632946
821330
564491
548860
784688
316084
552742
976207
705971
788197
965664
88532
252542
284091
318494
466112
898519
609803
490628
151816
986628
717032
842360
609248
493833
946665
699551
525247
625195
320675
201565
112537
990767
680362
437272
765282
890266
731603
528181
837840
432561
590899
34264
458777
339833
935904
273575
994800
120184
290927
739399
374411
201586
914100
107996
300766
142828
899524
415116
699232
117291
832500
954811
150149
467892
18010
238863
352129
786892
302347
860141
540619
596152
690906
26041
183958
129918
62623
665753
981464
959458
636652
333682
910278
220649
907288
246952
682837
115224
789303
828833
979962
35764
716959
404802
464682
645250
788068
414959
100122
664967
697628
30478
171134
125449
848282
816259
607053
780684
524854
399541
607610
612437
18306
238470
518331
822248
873621
3614
868677
766029
435972
397728
260173
218886
700451
295537
554760
74201
520647
807992
929131
75916
24325
78104
547243
353058
691891
435318
841404
135650
238054
314617
52181
17552
939058
651780
281769
713137
379436
954748
941806
673483
536297
406919
292121
510241
351487
75530
665183
689018
300355
549482
307765
505433
721864
66763
110736
403973
109222
887186
131813
128322
803247
540518
494312
819861
89914
123306
376720
671683
25115
975428
403472
454418
202024
444120
648735
778053
487221
972876
682160
493731
627287
831940
575865
663152
678884
510631
553647
602352
892529
297688
362182
922219
944657
498300
722485
406755
750235
71353
403184
634014
565540
714292
752555
367586
387391
280913
954269
606450
615812
990071
172985
808341
291397
593160
11061
871055
621849
380652
410950
560421
446549
124422
618529
615196
746828
544315
819835
618489
834453
693938
56073
146050
533189
813645
296383
478331
498992
338740
228692
221480
425643
290122
89595
505488
21900
90421
270122
552055
856551
516058
697239
219490
883730
140829
883061
982615
999456
419363
642746
747097
980073
344083
154458
956079
854655
662544
957068
111005
389497
650880
586180
783463
518060
903367
870902
781652
963628
553931
666649
546537
531214
982768
689568
963945
222312
571805
562113
23642
363982
320949
302577
502530
230165
795741
947877
480741
961043
780859
140434
267720
657500
928628
751853
942512
587078
832877
272107
991970
327013
949130
955776
562147
599182
815024
436643
86392
124183
484166
768071
516135
375828
408431
141858
432948
476058
117520
899433
980004
483903
682576
473489
589756
865432
268434
257039
214017
520504
434939
923288
329080
612214
279537
898272
182502
718823
398809
728606
39121
155167
913432
355653
397117
338163
491218
274060
734702
638201
824749
772966
455147
182981
207437
810441
598457
5484
187224
898666
660443
851652
868787
683518
765335
742689
381762
930362
150387
201369
543083
488210
433458
172352
49427
795837
179163
144811
602782
585646
570738
538992
952754
387356
649148
331363
195572
236922
487039
829274
234760
948094
384318
888617
75028
989085
105727
830501
516092
3916
303816
998564
860774
506176
50461
479610
411575
620462
899971
970684
968339
31754
714175
872768
466976
827723
724758
208090
553667
60644
547470
746272
316576
715787
771178
645862
278109
821685
287025
826690
879839
136983
292326
546695
869386
702310
821328
419021
263108
718487
493491
577574
396402
756127
426069
109097
759160
659186
422713
793515
955387
520647
393446
415296
690146
53201
888223
723837
189712
975239
825387
72695
728235
442908
888718
958148
604439
189510
621645
522489
629306
624122
866285
173674
177977
391021
91251
877036
376376
734995
681317
76948
923293
121059
830855
565432
197388
269648
57437
625644
616364
109905
498286
811718
419808
228825
931326
350746
610637
114782
416338
648446
680217
188885
760368
291846
734313
240947
488027
583047
190881
622317
664538
460183
777255
134008
929905
115018
224608
965577
925284
201013
850480
180692
48506
221486
277373
933775
746808
833673
569516
464880
469089
40028
957665
629930
142715
243195
839426
583731
713996
339835
815092
276416
854552
828786
810907
194310
588708
83508
354269
380026
168949
149335
891102
655696
699216
837231
170756
151871
400506
554193
514036
124602
421368
806611
727442
992120
919952
653833
171780
887724
123590
357576
447023
580876
738079
463846
764791
380301
200032
454136
909506
790052
954510
938193
773493
260613
166126
640393
362868
644199
503749
919794
478053
662782
311193
969827
760492
293310
735790
316144
87279
750045
235336
395247
827603
941329
182446
56692
446333
676813
471077
664340
891281
276679
989232
422501
239732
204980
155669
811003
884877
7688
350810
977068
527551
417850
779842
30284
481327
324734
335764
150640
392516
349192
887444
727406
345377
540111
873415
817626
279659
940422
630579
987402
428488
632931
758363
911314
541
27803
929605
141383
930831
519523
553399
162495
46082
469808
154101
421838
723931
912502
331204
272329
801281
121900
177705
921158
774295
484677
356649
924570
745730
995000
388554
281048
8489
454264
102799
256855
411503
383867
296447
648108
824313
129462
856285
203755
522990
126686
242672
904489
816944
779880
243452
276860
732455
440649
627079
832568
601718
22645
81940
41458
944259
792867
910697
788544
372082
309574
183564
869046
957481
490004
156737
733034
115085
953666
450765
764464
312131
536390
686773
691357
468463
848850
391230
538503
831862
675934
844397
832642
858302
40350
152968
151779
488108
996423
966930
622400
36645
662093
261970
146926
963661
618599
288972
579392
128970
138120
922885
147789
932992
748006
974594
52842
422742
653814
164809
41003
840174
233005
574813
487525
192048
651392
759877
468974
765183
719268
914756
833946
5504
729165
853729
530622
139226
527986
498080
522672
542064
632262
914631
214788
418791
584127
753497
527056
614566
435923
695004
962152
763472
515445
238678
425697
377290
778139
162123
394449
132154
785082
949823
825420
372357
457862
862713
131560
744207
527670
10302
516665
807743
683710
141009
948884
281719
126546
216120
515919
722591
568808
46009
255166
758810
379957
900440
698423
545677
629231
620889
592078
494047
340233
202947
905048
788147
704312
225115
387499
486510
406323
636964
709019
763574
886894
243428
459709
593200
843037
911969
552807
815937
1719
187551
291565
605261
392943
660962
30629
761018
479547
879025
398371
916588
435152
640784
991228
734537
716260
394373
347846
564214
441321
86867
534485
445207
712919
614721
768255
673810
754658
487378
396376
954892
949118
537165
252341
429161
149026
711158
279596
796815
122945
547666
995985
655011
374737
781862
201530
406153
409800
921464
899963
329959
683481
70603
462761
436001
597498
833446
763674
846365
807839
105229
33250
498816
910015
714437
894103
105774
830094
473299
271117
787981
735552
500860
820121
683074
370571
980421
809233
997937
546533
29876
998153
143040
663745
425869
704278
345236
717077
773268
330830
210449
832214
22800
641477
414877
121
360325
910929
892636
95986
463289
597382
795317
463736
868591
113081
708362
700094
432557
316736
157699
657915
366585
915055
197635
397474
316119
759196
499312
187817
368140
553947
670830
227589
760477
816385
92707
330603
898191
999204
954100
546192
620455
925976
401477
456041
330923
826163
344188
796458
815454
965001
853629
438666
192647
25391
942383
937980
391210
127675
704820
511031
202252
545985
324020
982126
831346
93654
239698
438103
103202
820560
610932
840487
168287
881795
60990
47507
302448
429381
982038
131023
2648
253674
116705
327826
185822
375368
736835
202383
712582
798322
511522
925885
987478
615104
42147
465807
819793
39044
346346
529083
165821
970773
155869
579382
237216
359048
935584
551221
501246
168560
103194
267821
414299
494757
950189
111379
22846
757689
225473
986140
507372
916419
469625
2172
945000
518167
858747
470186
629432
958091
989227
140313
897058
503923
784175
457599
121514
950373
831852
367185
923348
669877
323078
869828
760103
701496
871203
166669
867048
95812
281320
848993
970842
462957
158841
692021
500035
886856
484796
239037
584425
900459
459797
352368
782479
109227
430506
651649
173244
578971
427936
933798
700212
951826
967964
793364
203644
958949
459714
539968
881114
48103
519735
70495
40017
587888
454114
365798
974696
417618
273958
949386
944098
563172
568936
956479
821702
871227
226703
83324
784984
100650
856317
395380
737565
320649
65434
345693
293082
635754
169993
830188
710037
84836
452016
86934
585937
275147
31219
74000
403605
703221
166521
877903
63013
800694
315748
227400
79366
483876
365084
768367
15997
755475
470020
386171
163151
601688
460801
542495
932225
73289
98554
990289
196889
383226
21970
268103
287451
896128
246446
58548
332939
249585
999412
944845
940208
692769
637193
988489
106702
160038
266898
563228
259883
499924
400755
919355
203722
844032
958034
207130
574129
996544
762323
294575
887782
479336
967580
599344
661485
921486
908434
175824
510219
747910
161305
36101
291205
969125
113879
389124
291616
493441
870001
580994
449953
992558
711755
979251
442574
968962
235339
810958
59498
716177
746646
276807
8764
419056
325456
778450
258248
429621
564895
894757
997971
410868
330407
689077
404834
31106
844558
313271
214715
278325
369273
98912
623585
577634
54413
37541
73691
989660
39278
951035
2412
860986
885825
985623
466011
544657
385965
430573
949228
117429
475925
393844
699748
482171
217758
850207
892361
736632
925935
103396
457502
305090
213674
198264
551210
334510
552759
981072
128881
121744
947513
448737
113207
447165
22102
342816
614659
677962
373362
640705
121818
387149
191603
11387
295423
491931
889598
286401
728760
102215
940344
870538
924043
10473
310661
24777
944764
115347
725706
376500
257871
570972
995758
518080
100811
461336
448275
849314
265077
772829
160801
714255
359696
388479
196475
638779
270498
912724
248839
203165
910705
177647
470250
894568
231040
766120
48968
432595
645334
297809
156935
367377
296055
197377
665803
527000
967720
206605
34234
747869
963311
750345
911929
605909
370575
102730
263724
515637
332175
402597
943225
586417
502898
205360
837
507904
536319
328960
847924
214933
267002
411433
975084
747751
989032
564160
190801
496041
229710
576858
619402
632273
547314
334029
918009
817492
964311
999790
976646
241255
389444
981776
69332
871487
701629
912395
917385
154256
426247
237489
964361
226577
615335
24921
631802
144437
272610
401175
822465
442483
664765
457089
594946
107838
314238
674731
695779
554892
398185
776426
819529
219090
892546
507284
821784
852421
607184
156798
966838
266714
480151
407099
336519
