100
3 1
7 3
1 1
1 3
8 1
7 1
6 3
4 1
5 3
7 3
4 1
9 4
1 3
7 1
3 1
1 3
10 2
9 3
1 1
4 1
3 1
3 3
10 1
5 1
3 1
6 1
9 1
5 1
7 1
6 2
1 3
1 4
5 4
1 1
7 1
1 1
9 1
1 1
6 1
1 4
4 3
3 1
5 3
3 3
3 1
7 1
1 1
6 1
3 4
7 1
7 1
7 1
2 3
6 1
1 1
9 4
6 4
1 1
8 1
6 3
1 4
3 3
2 3
1 1
7 1
7 1
7 2
1 1
1 2
7 2
7 1
10 1
1 1
9 1
1 2
9 3
7 1
2 1
8 1
6 1
6 1
5 2
7 3
6 1
1 1
7 1
5 3
7 1
7 4
10 4
5 1
5 1
3 1
1 1
1 1
1 1
9 4
10 1
1 4
7 4
